# logA n_s theta_s_1e2 omega_b omega_cdm tau_reio A_planck calib_100T calib_217T A_cib_217 xi_sz_cib A_sz ksz_norm gal545_A_100 gal545_A_143 gal545_A_143_217 gal545_A_217 ps_A_100_100 ps_A_143_143 ps_A_143_217 ps_A_217_217 galf_TE_A_100 galf_TE_A_100_143 galf_TE_A_100_217 galf_TE_A_143 galf_TE_A_143_217 galf_TE_A_217
2.498378164494138138e-04 5.807279673804787738e-06 1.746095189993409045e-07 2.830488842980367068e-07 -6.968661451688346945e-07 1.124632463874282792e-04 1.146945149057629585e-05 1.603525006177957813e-07 -7.940182056722275410e-08 -5.694779599643899279e-03 7.596309854727501323e-05 1.453567952311474263e-03 -3.782460593548603138e-03 3.173582539646384966e-04 -1.406448628573460672e-03 4.547063552832632922e-04 4.192528174553015324e-03 -2.818691864964700811e-02 -5.335628710687987004e-03 1.771963288853750911e-03 1.081741280428420542e-02 1.510764643022597957e-06 -1.079188453784606064e-05 1.830103404385218261e-05 -8.163255282431915269e-06 1.414274965868138852e-05 5.890492170721029965e-06
5.807279673804787738e-06 1.916037999078158357e-05 3.714670430030320048e-07 2.895120780005485303e-07 -4.310961996190723542e-06 8.524022274062099534e-06 2.980035319401584417e-07 -9.732362115933700234e-08 -6.592859070168026969e-08 -3.759535425032641508e-03 1.076388042619180247e-04 1.086440566775696403e-03 -2.416120835874499290e-03 4.881928188904217578e-04 -2.791006918902362468e-04 -7.386916682580961632e-05 1.257384900697209153e-03 -2.636759234934833024e-02 -6.671501626056193686e-03 1.913653101051495265e-03 3.566329425886252940e-03 -2.894385038754100217e-06 -2.644357697544019834e-06 -5.907961656532493876e-06 -9.992175023257900723e-06 -2.003229336101839882e-06 -3.271334883879538444e-05
1.746095189993409045e-07 3.714670430030320048e-07 8.270917480243921579e-08 1.000976127960900030e-08 -1.101409492961821500e-07 1.876516412779627421e-07 3.940119938798546194e-09 -1.223221475644481536e-09 -2.826350590234118798e-09 1.890059219326882696e-05 -1.189899377116351196e-06 5.555321404678516717e-06 -5.172775418144820006e-06 -6.783624382735965625e-07 1.023213863645632652e-06 -5.929423443545803416e-06 -1.504412487777527742e-05 -9.880717465926520471e-05 -4.392076572063810703e-05 -2.466044604224908632e-05 -4.405627052404892857e-05 -1.935388806683592730e-07 -2.737797225117282892e-07 -5.332534405298156395e-07 -4.825966274059203042e-07 -3.852234898315202882e-07 -3.466015330701150008e-06
2.830488842980367068e-07 2.895120780005485303e-07 1.000976127960900030e-08 2.095969596471990261e-08 -1.099642021514713776e-07 2.303800712642875890e-07 7.524978459244868440e-09 6.843688322038182679e-10 -4.517377405599496240e-10 -5.929803515068399970e-05 2.581314050726682799e-06 2.224484162602394482e-05 -4.151260317930971359e-05 -6.533586515203607139e-06 -2.738999822659312174e-06 2.596093921419409089e-06 1.658741636774505989e-05 -3.705020726441240445e-04 -1.936555263354482225e-04 -2.870409998231973069e-05 -1.110397304270758268e-05 -3.252651416673073424e-08 -6.653980785056289117e-08 4.506196979662866038e-08 -4.910436416119934351e-07 -3.505577420596986161e-07 -2.078317840785808550e-06
-6.968661451688346945e-07 -4.310961996190723542e-06 -1.101409492961821500e-07 -1.099642021514713776e-07 1.787063411126557259e-06 -2.476027878347810577e-06 -5.395320717559915130e-08 4.413744354592813895e-09 2.069265809682749743e-09 -3.050947692519613547e-05 -8.468340077007557539e-07 -1.042338773119368323e-04 1.308642054614520911e-04 -5.782091194610584835e-05 -7.616053360397616605e-05 -5.748155114106558665e-05 -2.293899329322297487e-05 1.786682522452326784e-03 1.191753899622225929e-03 5.484494377916134065e-04 6.690124681789916391e-04 1.108941634987902283e-06 8.528519394018556802e-07 2.726310967524802264e-06 2.686343532432907482e-06 2.607547616190782691e-06 1.567976004904681172e-05
1.124632463874282792e-04 8.524022274062099534e-06 1.876516412779627421e-07 2.303800712642876419e-07 -2.476027878347810577e-06 5.939964211372983431e-05 -2.145230856519124346e-07 2.011711852819647327e-08 -2.870642323885258900e-08 -2.272038598801423906e-03 1.195724156866268773e-05 8.099288995015991970e-04 -1.487673093228037823e-03 5.026712645446103920e-04 -2.412353097108475614e-04 4.719683529672587382e-04 1.059716079427355578e-03 -1.742479648991406352e-02 -4.906854943264760995e-03 -1.233659937855747287e-03 1.327096155803641521e-03 -9.621984520612489223e-07 -5.181307068582984472e-06 4.631339168862558020e-06 -9.359114300912089830e-06 -1.253250753658787188e-06 -1.567084430119266065e-05
1.146945149057629585e-05 2.980035319401584417e-07 3.940119938798546194e-09 7.524978459244868440e-09 -5.395320717559915130e-08 -2.145230856519124346e-07 5.959254349531655637e-06 -2.058084661204123992e-08 -1.094899969385585879e-08 3.136080397315736050e-04 7.171793544525683865e-06 2.740569065908244863e-05 -9.755419033883258053e-05 -6.902237231998161219e-05 -8.784265685818641763e-05 5.910889872913868719e-05 1.066926816714755229e-03 3.140342283273399489e-03 7.583337900487358832e-04 5.611774355852532483e-04 1.525308027970369903e-03 2.000053530568690046e-07 -6.977643509147246171e-07 5.211409128189004878e-07 2.109014196422484243e-06 4.770990868398125867e-06 3.757031459200410184e-06
1.603525006177957813e-07 -9.732362115933700234e-08 -1.223221475644481536e-09 6.843688322038182679e-10 4.413744354592813895e-09 2.011711852819646004e-08 -2.058084661204123992e-08 3.630904961193061293e-07 -3.904554067742837376e-09 -2.229432868810554474e-04 4.668255242660796560e-06 1.030391056854941973e-04 -8.451476860793704575e-05 1.825411674074223288e-04 -1.642179719336471207e-04 -1.844678138369080963e-05 7.495196816986759471e-05 3.391273475573340895e-03 1.407375837935654554e-04 4.934388234309408519e-04 4.832532515516919686e-04 7.446106985984076934e-07 5.966153246416963152e-07 6.447747529814159439e-07 6.740595473336415530e-07 -6.555160832806192774e-07 -4.906437323263167330e-06
-7.940182056722275410e-08 -6.592859070168026969e-08 -2.826350590234118798e-09 -4.517377405599496240e-10 2.069265809682749743e-09 -2.870642323885257907e-08 -1.094899969385585879e-08 -3.904554067742837376e-09 3.759073727783348481e-07 7.731804348769039581e-04 -8.225950876873123883e-06 -4.158338254349461783e-06 -2.020387086857345867e-05 -1.335283953139831027e-05 -3.098634310047783603e-05 3.921623668475271180e-04 8.329308006074187488e-04 2.963325349331221120e-04 -4.176406361350180402e-05 -4.098762601098804564e-04 -1.375697415179691352e-03 -3.089987041339099116e-07 2.844881572087847408e-07 1.293645886209257953e-07 7.201786779983751290e-07 1.257721338842026716e-06 1.714210118829541399e-06
-5.694779599643899279e-03 -3.759535425032641508e-03 1.890059219326882696e-05 -5.929803515068399970e-05 -3.050947692519614902e-05 -2.272038598801423906e-03 3.136080397315736050e-04 -2.229432868810555016e-04 7.731804348769039581e-04 4.352141443172651236e+01 -3.894032674917540793e-01 -1.005680916266524783e+00 8.437456264068551870e-02 4.466244971891427107e-01 7.699197749907307209e-01 -5.702635117984970137e+00 -3.211684742708499840e+01 3.336515163165034892e+01 3.080677664941095517e-01 -1.446593255494360086e+01 -5.498073726051595855e+01 -4.567821581700200716e-03 1.263109378572965400e-03 -1.746095573053979902e-02 2.903686388425369500e-03 -8.779377482243739400e-03 6.989007958809884125e-04
7.596309854727501323e-05 1.076388042619180112e-04 -1.189899377116350772e-06 2.581314050726682799e-06 -8.468340077007564951e-07 1.195724156866267926e-05 7.171793544525681324e-06 4.668255242660796560e-06 -8.225950876873123883e-06 -3.894032674917540793e-01 8.093979220301422695e-02 -5.834805446302515630e-02 5.743056247112547641e-02 -2.826086376603611475e-04 4.860641690390289822e-03 7.748035654764522107e-02 8.919299704296816678e-02 -5.025265017504931819e-01 8.757641722477508273e-01 1.609371079939011739e+00 6.028614223857636789e-01 -1.332224579348081895e-04 -1.556439861950810433e-04 -2.596775170378915463e-04 1.011856304638271826e-04 -2.295044624705775164e-04 -7.669592777993610973e-04
1.453567952311474263e-03 1.086440566775696403e-03 5.555321404678514176e-06 2.224484162602394821e-05 -1.042338773119368052e-04 8.099288995015991970e-04 2.740569065908245541e-05 1.030391056854941973e-04 -4.158338254349460089e-06 -1.005680916266524783e+00 -5.834805446302515630e-02 4.103035815424934896e+00 -2.940530615176613072e+00 -2.361312991277706996e-01 2.388100775261195741e-01 2.965936648423893818e+00 3.768218625141821931e+00 -3.224652419598596964e+01 -3.625840643575253708e+00 8.023347325181509504e+00 5.770638720358024720e+00 -1.184904341295595596e-03 2.776002736835684551e-04 2.334066901060265122e-03 4.659858976548508194e-04 4.183773855860218639e-03 2.271043324561841312e-03
-3.782460593548604005e-03 -2.416120835874499290e-03 -5.172775418144820006e-06 -4.151260317930972036e-05 1.308642054614520911e-04 -1.487673093228037823e-03 -9.755419033883262119e-05 -8.451476860793705930e-05 -2.020387086857345867e-05 8.437456264068551870e-02 5.743056247112547641e-02 -2.940530615176613072e+00 6.193230716648834289e+00 7.500370539773781875e-02 -1.883943965104868667e-01 -2.263843481783718747e+00 -2.755522186186063927e+00 1.626196961858093815e+01 -4.707816066846002734e+00 -1.239726483549200076e+01 -1.000485944068915778e+01 -5.709524373678746692e-04 -7.472814244290492281e-04 -5.630612400730303658e-04 -1.315147471447408690e-03 -7.901197134160290944e-03 -4.941346581072492312e-03
3.173582539646384966e-04 4.881928188904217578e-04 -6.783624382735965625e-07 -6.533586515203608833e-06 -5.782091194610584835e-05 5.026712645446103920e-04 -6.902237231998158509e-05 1.825411674074223288e-04 -1.335283953139830858e-05 4.466244971891427107e-01 -2.826086376603571359e-04 -2.361312991277707551e-01 7.500370539773781875e-02 3.475348871333864498e+00 4.536287685423013860e-01 5.243719266384903183e-02 -2.249388631578707332e-01 -5.913734053662843770e+00 2.209591623927576170e-04 -8.206735665449663708e-01 -1.039725756781919364e+00 6.295592851536463766e-04 7.285036769955645353e-05 -8.536568397611351281e-07 -1.871316822735548564e-03 -2.604049626212138775e-03 -7.965930079016548052e-03
-1.406448628573460456e-03 -2.791006918902362468e-04 1.023213863645633711e-06 -2.738999822659312174e-06 -7.616053360397616605e-05 -2.412353097108475885e-04 -8.784265685818640407e-05 -1.642179719336471207e-04 -3.098634310047783603e-05 7.699197749907307209e-01 4.860641690390291557e-03 2.388100775261195741e-01 -1.883943965104868667e-01 4.536287685423013860e-01 3.145591862675502171e+00 2.755060147196703557e+00 2.697196746686735480e+00 5.379383331583735384e+00 -1.502790239964928665e+00 -6.545207046967279618e-01 -1.583242517774803293e+00 1.285022241582307141e-03 2.807148475014053677e-04 -2.008344402952303483e-03 1.492005747908909091e-03 8.760945372985643690e-04 1.911757249138126618e-03
4.547063552832632922e-04 -7.386916682580961632e-05 -5.929423443545800875e-06 2.596093921419408242e-06 -5.748155114106562053e-05 4.719683529672587382e-04 5.910889872913868719e-05 -1.844678138369080963e-05 3.921623668475271180e-04 -5.702635117984970137e+00 7.748035654764522107e-02 2.965936648423893818e+00 -2.263843481783718747e+00 5.243719266384903183e-02 2.755060147196703557e+00 1.094831462430168401e+01 1.930920329221446607e+01 -1.502347727388323229e+01 2.615407927480690731e+00 5.022737265034942666e+00 5.472659557488979587e+00 1.670485971057448843e-03 1.260641841465781664e-03 -2.425425205260765024e-04 -8.155619225780151972e-04 1.527841444212537899e-03 -4.441626833027051695e-04
4.192528174553015324e-03 1.257384900697209153e-03 -1.504412487777527742e-05 1.658741636774505989e-05 -2.293899329322296132e-05 1.059716079427355795e-03 1.066926816714755229e-03 7.495196816986759471e-05 8.329308006074187488e-04 -3.211684742708499840e+01 8.919299704296816678e-02 3.768218625141821931e+00 -2.755522186186063927e+00 -2.249388631578707332e-01 2.697196746686735480e+00 1.930920329221446607e+01 5.250785544220788381e+01 -2.476440005678485079e+01 4.396463993199028586e+00 9.105466501670536061e+00 3.295285824162483834e+01 7.197357340838274851e-03 2.088304297996256605e-03 1.289195146941556590e-02 -3.025527559260156492e-03 5.649194930935463876e-03 -9.497250589584383534e-03
-2.818691864964700811e-02 -2.636759234934833024e-02 -9.880717465926520471e-05 -3.705020726441240445e-04 1.786682522452326350e-03 -1.742479648991406352e-02 3.140342283273399489e-03 3.391273475573340895e-03 2.963325349331220578e-04 3.336515163165034892e+01 -5.025265017504931819e-01 -3.224652419598596964e+01 1.626196961858094170e+01 -5.913734053662843770e+00 5.379383331583735384e+00 -1.502347727388323229e+01 -2.476440005678485079e+01 7.948936560955014556e+02 6.790487001725549021e+01 -5.791640724233865711e+01 -5.890170366076709030e+01 3.627245454181983464e-02 2.370626265958511100e-02 -3.580691054243063942e-02 4.569845619448655027e-02 -8.151705762465090432e-02 -1.812131784392775613e-01
-5.335628710687987004e-03 -6.671501626056193686e-03 -4.392076572063809348e-05 -1.936555263354482225e-04 1.191753899622225929e-03 -4.906854943264760995e-03 7.583337900487358832e-04 1.407375837935654554e-04 -4.176406361350180402e-05 3.080677664941097738e-01 8.757641722477508273e-01 -3.625840643575253708e+00 -4.707816066846002734e+00 2.209591623927452842e-04 -1.502790239964928887e+00 2.615407927480690731e+00 4.396463993199028586e+00 6.790487001725549021e+01 5.963707536716137980e+01 3.802481315371052517e+01 1.620882579068499041e+01 8.095928576661264378e-03 6.743295258145956712e-03 -1.564515751015575773e-02 1.439531838555105879e-02 5.417831067307416273e-03 3.335555245210521796e-02
1.771963288853751562e-03 1.913653101051495482e-03 -2.466044604224909310e-05 -2.870409998231973069e-05 5.484494377916132981e-04 -1.233659937855747070e-03 5.611774355852532483e-04 4.934388234309408519e-04 -4.098762601098804564e-04 -1.446593255494360086e+01 1.609371079939011739e+00 8.023347325181509504e+00 -1.239726483549200076e+01 -8.206735665449663708e-01 -6.545207046967279618e-01 5.022737265034941778e+00 9.105466501670536061e+00 -5.791640724233867132e+01 3.802481315371052517e+01 8.437742115797172460e+01 5.494033331297820411e+01 5.393189891480084036e-04 9.668766649179340571e-04 -4.389841271365216117e-03 1.667810679162366749e-02 1.729261576354467964e-02 2.633043644184424742e-02
1.081741280428420542e-02 3.566329425886252073e-03 -4.405627052404894212e-05 -1.110397304270758268e-05 6.690124681789915307e-04 1.327096155803641521e-03 1.525308027970369686e-03 4.832532515516919686e-04 -1.375697415179691352e-03 -5.498073726051596566e+01 6.028614223857636789e-01 5.770638720358024720e+00 -1.000485944068915778e+01 -1.039725756781919586e+00 -1.583242517774803293e+00 5.472659557488979587e+00 3.295285824162483834e+01 -5.890170366076709030e+01 1.620882579068499041e+01 5.494033331297820411e+01 1.055289284665924470e+02 1.882724123798678239e-03 -1.568737292495269223e-05 1.350098892500236833e-02 1.213044985494481434e-02 3.110444894055839488e-02 2.902923130556392048e-02
1.510764643022596474e-06 -2.894385038754099793e-06 -1.935388806683592201e-07 -3.252651416673072100e-08 1.108941634987902494e-06 -9.621984520612487105e-07 2.000053530568686340e-07 7.446106985984076934e-07 -3.089987041339100704e-07 -4.567821581700200716e-03 -1.332224579348081624e-04 -1.184904341295595380e-03 -5.709524373678747777e-04 6.295592851536459429e-04 1.285022241582307358e-03 1.670485971057448843e-03 7.197357340838274851e-03 3.627245454181982770e-02 8.095928576661262643e-03 5.393189891480068858e-04 1.882724123798679107e-03 1.401255894723268686e-03 2.589889524963018101e-04 1.404172080948492348e-04 -3.387088636526953229e-04 -1.216223904547401500e-04 -2.729961980895941661e-04
-1.079188453784605895e-05 -2.644357697544018987e-06 -2.737797225117282362e-07 -6.653980785056289117e-08 8.528519394018556802e-07 -5.181307068582984472e-06 -6.977643509147246171e-07 5.966153246416964211e-07 2.844881572087846878e-07 1.263109378572966268e-03 -1.556439861950810704e-04 2.776002736835682383e-04 -7.472814244290492281e-04 7.285036769955671103e-05 2.807148475014054219e-04 1.260641841465781664e-03 2.088304297996255738e-03 2.370626265958510753e-02 6.743295258145957580e-03 9.668766649179344908e-04 -1.568737292495235342e-05 2.589889524963018101e-04 8.953527273686304709e-04 -2.342772275132707014e-05 7.344416953281604574e-04 6.986792214382649515e-05 -8.669653841196396649e-04
1.830103404385218261e-05 -5.907961656532493876e-06 -5.332534405298156395e-07 4.506196979662862068e-08 2.726310967524801841e-06 4.631339168862558020e-06 5.211409128189004878e-07 6.447747529814161556e-07 1.293645886209255042e-07 -1.746095573053980249e-02 -2.596775170378916005e-04 2.334066901060265990e-03 -5.630612400730304742e-04 -8.536568397607498340e-07 -2.008344402952303483e-03 -2.425425205260780474e-04 1.289195146941556590e-02 -3.580691054243063942e-02 -1.564515751015575773e-02 -4.389841271365216117e-03 1.350098892500236833e-02 1.404172080948492348e-04 -2.342772275132707014e-05 7.319546015429961687e-03 -3.850559001799129565e-04 8.425222082648766526e-04 4.670343709176387297e-03
-8.163255282431915269e-06 -9.992175023257902417e-06 -4.825966274059203042e-07 -4.910436416119934351e-07 2.686343532432907058e-06 -9.359114300912089830e-06 2.109014196422485090e-06 6.740595473336415530e-07 7.201786779983751290e-07 2.903686388425369067e-03 1.011856304638271962e-04 4.659858976548509279e-04 -1.315147471447408256e-03 -1.871316822735548564e-03 1.492005747908908874e-03 -8.155619225780160646e-04 -3.025527559260156492e-03 4.569845619448654334e-02 1.439531838555106226e-02 1.667810679162367096e-02 1.213044985494481434e-02 -3.387088636526953229e-04 7.344416953281604574e-04 -3.850559001799130107e-04 2.831895115557778262e-03 4.383511671198150211e-04 -1.128415905815188282e-03
1.414274965868138513e-05 -2.003229336101838611e-06 -3.852234898315201823e-07 -3.505577420596986161e-07 2.607547616190782691e-06 -1.253250753658786764e-06 4.770990868398125867e-06 -6.555160832806192774e-07 1.257721338842026504e-06 -8.779377482243739400e-03 -2.295044624705775164e-04 4.183773855860217772e-03 -7.901197134160290944e-03 -2.604049626212138341e-03 8.760945372985646943e-04 1.527841444212538115e-03 5.649194930935466478e-03 -8.151705762465090432e-02 5.417831067307414539e-03 1.729261576354467964e-02 3.110444894055840875e-02 -1.216223904547401500e-04 6.986792214382649515e-05 8.425222082648766526e-04 4.383511671198150211e-04 6.425833595898784896e-03 7.695753704094553116e-03
5.890492170721035894e-06 -3.271334883879540477e-05 -3.466015330701150855e-06 -2.078317840785808550e-06 1.567976004904681172e-05 -1.567084430119267420e-05 3.757031459200408066e-06 -4.906437323263166483e-06 1.714210118829540340e-06 6.989007958809822325e-04 -7.669592777993604468e-04 2.271043324561846082e-03 -4.941346581072500119e-03 -7.965930079016548052e-03 1.911757249138123799e-03 -4.441626833027066874e-04 -9.497250589584378330e-03 -1.812131784392775335e-01 3.335555245210524572e-02 2.633043644184430293e-02 2.902923130556388231e-02 -2.729961980895942745e-04 -8.669653841196397733e-04 4.670343709176388164e-03 -1.128415905815188282e-03 7.695753704094553116e-03 7.123502066061208893e-02
