# logA n_s omega_b omega_cdm tau_reio theta_s_1e2 A_planck
5.140599492184202068e-04 7.541785154055471682e-05 1.132907097652686068e-05 -1.734081605167258307e-05 1.676978143419223359e-04 -2.340772809742428654e-06 1.536758594923267381e-05
7.541785154055471682e-05 2.081039591098511469e-04 1.116009963886538884e-05 -5.070152164797482407e-05 3.602305127131942190e-05 9.573368461557981204e-07 8.031789614123529095e-07
1.132907097652686068e-05 1.116009963886538884e-05 1.459936726486278880e-06 -4.761234579153592920e-06 2.760050053125919100e-06 -7.792133808337575118e-08 5.675749107457600763e-08
-1.734081605167258307e-05 -5.070152164797482407e-05 -4.761234579153592920e-06 2.167592568643342895e-05 -1.108958938808558985e-05 -3.292523909372579582e-08 -1.177518093381788735e-07
1.676978143419223359e-04 3.602305127131942190e-05 2.760050053125919100e-06 -1.108958938808558985e-05 8.038916147227296335e-05 -1.139267787793876127e-07 8.329750338211606104e-07
-2.340772809742428654e-06 9.573368461557981204e-07 -7.792133808337575118e-08 -3.292523909372579582e-08 -1.139267787793876127e-07 7.016568654525404886e-07 2.358036971780396132e-08
1.536758594923267381e-05 8.031789614123523801e-07 5.675749107457600763e-08 -1.177518093381788073e-07 8.329750338211606104e-07 2.358036971780396132e-08 6.414945173466974822e-06
