# logA n_s theta_s_1e2 omega_b omega_cdm tau_reio A_planck
3.778307992834529713e-03 2.441657034778290129e-04 7.719489834511621162e-06 1.063717775473483747e-05 -1.374997525689676395e-04 2.017041636674880151e-03 5.611891948576681649e-06
2.441657034778290129e-04 9.275638340030308709e-05 6.490387902963501981e-07 4.581849575376056963e-07 -1.414559284975075276e-05 1.577046165832044085e-04 -9.387111355129546369e-07
7.719489834511621162e-06 6.490387902963501981e-07 1.096258102708774216e-07 2.892158724410497903e-08 -5.495312832120554065e-07 4.296239342903185551e-06 -1.427256891569601157e-08
1.063717775473483747e-05 4.581849575376056963e-07 2.892158724410497903e-08 7.038000407207142640e-08 -5.031116208893049836e-07 5.613428404242136677e-06 3.194336199613255326e-08
-1.374997525689676395e-04 -1.414559284975075276e-05 -5.495312832120554065e-07 -5.031116208893049836e-07 1.055473382935497429e-05 -7.883701531874223712e-05 -2.882514293105698174e-08
2.017041636674880151e-03 1.577046165832044085e-04 4.296239342903185551e-06 5.613428404242136677e-06 -7.883701531874223712e-05 1.093695080490801521e-03 -1.399664171840497523e-06
5.611891948576679955e-06 -9.387111355129554839e-07 -1.427256891569604631e-08 3.194336199613255987e-08 -2.882514293105698174e-08 -1.399664171840497946e-06 4.189356095500771539e-06
