# logA n_s theta_s_1e2 omega_b omega_cdm tau_reio A_planck calib_100T calib_217T A_cib_217 xi_sz_cib A_sz ksz_norm gal545_A_100 gal545_A_143 gal545_A_143_217 gal545_A_217 ps_A_100_100 ps_A_143_143 ps_A_143_217 ps_A_217_217
2.258849102140420581e-04 5.148405787857636151e-07 -7.960813061692920993e-08 3.966380579773388311e-07 1.747021001707869683e-06 1.014422397234172868e-04 7.999866180237228498e-06 -8.206406955128237910e-08 -3.756836957276094507e-07 -4.377142669089316603e-03 -3.307192368230000017e-04 5.708180071714337792e-03 -6.758983442933230550e-03 -2.977021355016170375e-03 -4.760099940570610062e-04 2.398253703714622528e-03 4.298743444827345800e-03 -4.056932661296772102e-02 -7.903095334438567723e-03 1.182266770713792485e-02 1.313898504647553755e-02
5.148405787857636151e-07 3.161279858342924454e-05 1.048281593017269542e-06 6.141526768543534788e-07 -9.381455169918800557e-06 1.265064489489188002e-05 -2.158512260350046599e-07 -1.167118569855385309e-07 -1.946088624939717426e-07 -5.668390005133241635e-03 6.985783714021975355e-05 1.429054450637834255e-03 -1.689664752244622722e-03 7.919071005011987319e-04 1.934507181695963149e-04 -6.719624423704586929e-05 1.752412054185779845e-03 -2.588017010447135960e-02 -1.416514312012470168e-02 -3.363222333771813052e-03 2.895093100207885017e-03
-7.960813061692920993e-08 1.048281593017269542e-06 1.794980802604139097e-07 2.860591701048521393e-08 -3.475985609906128999e-07 3.051324805154908875e-07 2.525199596906197150e-08 9.346154214997359526e-09 -1.246604161861638851e-08 -2.128198499484798935e-04 -4.059191785741773205e-06 4.906612601745357347e-05 3.561881678906079498e-05 1.483948845262658331e-05 4.085395023132200304e-05 2.941095878479385592e-05 1.210884370276605509e-04 -8.273389994572281057e-06 -1.926650241757604462e-04 2.712245243585029178e-05 2.351570404783418682e-04
3.966380579773388311e-07 6.141526768543534788e-07 2.860591701048521393e-08 4.712863989024910962e-08 -2.278021766060904488e-07 4.109099981174850158e-07 8.715660173829528394e-09 -4.065800120946483195e-10 -1.973558277420096613e-09 -1.312957700933632330e-04 2.353688111703550838e-06 5.419363596258286247e-05 -6.991549485332103722e-05 3.011576872015202946e-05 1.621076231117786172e-05 5.032329662029493160e-06 1.802159412605991958e-05 -8.384677218796820824e-04 -4.959356716816742299e-04 -1.522961027535023554e-04 -1.768845121580666578e-05
1.747021001707869683e-06 -9.381455169918800557e-06 -3.475985609906128999e-07 -2.278021766060904488e-07 4.159920471087700108e-06 -4.314128785521952328e-06 1.232885188057304676e-07 -4.976570792852680071e-08 1.489868627396747885e-08 7.256406731659393846e-04 7.015575755328413565e-07 -1.104260126617113768e-04 -2.737246876316316857e-04 -2.636277175297213507e-04 -1.727729486431518443e-04 -9.254813364379754857e-05 -3.983396687124265739e-04 6.024033789614935321e-04 2.793671181788877963e-03 1.905976493581284549e-03 7.271898576955564434e-04
1.014422397234172868e-04 1.265064489489188002e-05 3.051324805154908875e-07 4.109099981174850158e-07 -4.314128785521952328e-06 5.741230487293054268e-05 -1.276486750553638926e-06 -1.126100255616178092e-07 -1.574181497216177534e-07 -2.251291138682203190e-03 -1.895179262123027585e-04 2.878287531263190764e-03 -2.495484189505406229e-03 -1.233625783953096362e-03 1.890838219952675531e-04 1.331199655510707271e-03 1.487875935219309595e-03 -1.928459943351341563e-02 -8.554578475290966488e-03 9.756912839339916543e-04 1.643041217484183690e-03
7.999866180237228498e-06 -2.158512260350046599e-07 2.525199596906197150e-08 8.715660173829528394e-09 1.232885188057304676e-07 -1.276486750553638926e-06 5.107124368786406641e-06 6.208269277196773128e-08 -4.379973371991570131e-08 1.383660646045086287e-04 2.670426831478800524e-06 7.069171612606983928e-05 -1.356483232658154965e-04 2.181311861756164976e-04 5.863403569134900011e-05 2.520089583132825869e-04 1.196417643446245037e-03 1.688449693809027661e-03 1.338895729998097663e-03 1.664086071809839059e-03 2.126712635113619469e-03
-8.206406955128237910e-08 -1.167118569855385309e-07 9.346154214997359526e-09 -4.065800120946483195e-10 -4.976570792852680071e-08 -1.126100255616178092e-07 6.208269277196773128e-08 4.003017862576060901e-07 9.050313865463076488e-10 -1.443361819207075107e-04 -4.271453534928214171e-06 6.952802179440680365e-05 4.703001285233925782e-05 1.944933579334854864e-04 -2.069385358887780037e-04 -5.576383226796004228e-05 -3.003428537096910122e-05 3.594703075263944256e-03 1.439957013761809356e-04 3.239697684362349600e-04 4.690252088318800955e-04
-3.756836957276094507e-07 -1.946088624939717426e-07 -1.246604161861638851e-08 -1.973558277420096613e-09 1.489868627396747885e-08 -1.574181497216178328e-07 -4.379973371991570131e-08 9.050313865463076488e-10 3.802830865943647518e-07 6.719275623325529244e-04 1.280679997876606217e-05 -2.077877653575991234e-04 1.265423797957439765e-04 9.661469177177689949e-05 1.955149577836752723e-05 4.095321828700515619e-04 1.047983591653163689e-03 2.287286738820806971e-03 1.342569914589449964e-04 -1.000842008519613668e-03 -1.688934543672536686e-03
-4.377142669089314868e-03 -5.668390005133241635e-03 -2.128198499484798935e-04 -1.312957700933632330e-04 7.256406731659393846e-04 -2.251291138682203190e-03 1.383660646045086287e-04 -1.443361819207075107e-04 6.719275623325530328e-04 4.255240358587047211e+01 -3.103703171352524270e-01 -5.755109300934159178e-01 -3.344624272786412833e-01 4.046695654732804792e-01 5.096620256948416472e-01 -5.512808051012018318e+00 -3.194730804482332331e+01 3.331337583903378885e+01 8.508485872764280922e-01 -1.152788903434339396e+01 -5.167621310612171470e+01
-3.307192368230000017e-04 6.985783714021975355e-05 -4.059191785741774052e-06 2.353688111703550415e-06 7.015575755328459093e-07 -1.895179262123027585e-04 2.670426831478804759e-06 -4.271453534928214171e-06 1.280679997876606217e-05 -3.103703171352524826e-01 8.042503350526407357e-02 -1.193319328689841918e-01 1.326606108693426933e-01 2.828094109467742950e-02 -3.935864720572760517e-02 -1.676952762978116754e-02 3.015974654513717615e-02 -3.500185765187136533e-01 7.025320144841488146e-01 1.241991389349827335e+00 3.384759818347634619e-01
5.708180071714337792e-03 1.429054450637834255e-03 4.906612601745356670e-05 5.419363596258286247e-05 -1.104260126617113633e-04 2.878287531263190330e-03 7.069171612606983928e-05 6.952802179440680365e-05 -2.077877653575991505e-04 -5.755109300934158068e-01 -1.193319328689842057e-01 4.934780660066797608e+00 -3.944176041823571843e+00 -6.420802731617267778e-01 3.405186157781873169e-01 2.852377399195371144e+00 2.353659501832858769e+00 -3.643225778130668147e+01 -2.714620800496156061e+00 1.210319626709066121e+01 8.167890068360275535e+00
-6.758983442933232284e-03 -1.689664752244622722e-03 3.561881678906079498e-05 -6.991549485332103722e-05 -2.737246876316316857e-04 -2.495484189505406229e-03 -1.356483232658155236e-04 4.703001285233925782e-05 1.265423797957439765e-04 -3.344624272786410057e-01 1.326606108693426933e-01 -3.944176041823571843e+00 6.759076207298567951e+00 4.174533241816606455e-01 -4.251468868166774495e-01 -2.295852698593933372e+00 -1.442996992810797519e+00 2.495870188171120674e+01 -3.111752051804248076e+00 -1.437286421699201000e+01 -1.130922392314527869e+01
-2.977021355016169941e-03 7.919071005011987319e-04 1.483948845262658670e-05 3.011576872015202946e-05 -2.636277175297213507e-04 -1.233625783953096362e-03 2.181311861756164976e-04 1.944933579334854864e-04 9.661469177177689949e-05 4.046695654732804792e-01 2.828094109467742950e-02 -6.420802731617267778e-01 4.174533241816606455e-01 3.426474019984058206e+00 3.677805577567375139e-01 8.223199156193158887e-02 2.617499399336928323e-01 -4.564113618925940585e+00 -4.946016698303490333e-01 -2.402675929505162955e+00 -2.169524405243611120e+00
-4.760099940570608978e-04 1.934507181695963420e-04 4.085395023132200304e-05 1.621076231117786172e-05 -1.727729486431518443e-04 1.890838219952675531e-04 5.863403569134900689e-05 -2.069385358887780037e-04 1.955149577836752723e-05 5.096620256948416472e-01 -3.935864720572759823e-02 3.405186157781873169e-01 -4.251468868166773940e-01 3.677805577567374584e-01 3.022802247835186584e+00 2.754244633654765462e+00 3.111734015665092112e+00 4.117777715242185721e+00 -1.604933352017200221e+00 -1.098132920287398395e+00 -1.039377932353505951e+00
2.398253703714622528e-03 -6.719624423704588284e-05 2.941095878479385592e-05 5.032329662029489772e-06 -9.254813364379752146e-05 1.331199655510707271e-03 2.520089583132825869e-04 -5.576383226796004228e-05 4.095321828700515619e-04 -5.512808051012018318e+00 -1.676952762978117101e-02 2.852377399195371144e+00 -2.295852698593932928e+00 8.223199156193160275e-02 2.754244633654765462e+00 1.032361678115544201e+01 1.844283009899698200e+01 -1.362247968764604522e+01 2.531900780347250191e+00 4.042924631955953529e+00 5.710903985395999527e+00
4.298743444827345800e-03 1.752412054185779845e-03 1.210884370276605509e-04 1.802159412605991958e-05 -3.983396687124265739e-04 1.487875935219309595e-03 1.196417643446244820e-03 -3.003428537096910122e-05 1.047983591653163689e-03 -3.194730804482332331e+01 3.015974654513716921e-02 2.353659501832858769e+00 -1.442996992810797519e+00 2.617499399336928878e-01 3.111734015665092556e+00 1.844283009899698200e+01 5.225168500754168832e+01 -1.391367545344946954e+01 3.893946080134384591e+00 2.453925362603039506e+00 2.890427981150978809e+01
-4.056932661296772102e-02 -2.588017010447135960e-02 -8.273389994572281057e-06 -8.384677218796821908e-04 6.024033789614935321e-04 -1.928459943351341563e-02 1.688449693809027661e-03 3.594703075263942955e-03 2.287286738820806971e-03 3.331337583903378885e+01 -3.500185765187136533e-01 -3.643225778130668147e+01 2.495870188171120674e+01 -4.564113618925940585e+00 4.117777715242185721e+00 -1.362247968764604522e+01 -1.391367545344946954e+01 7.803724250527918684e+02 6.107424159289774934e+01 -8.986854334303505709e+01 -8.151496466508692151e+01
-7.903095334438567723e-03 -1.416514312012470168e-02 -1.926650241757604462e-04 -4.959356716816742299e-04 2.793671181788877963e-03 -8.554578475290966488e-03 1.338895729998097663e-03 1.439957013761809356e-04 1.342569914589450235e-04 8.508485872764270930e-01 7.025320144841488146e-01 -2.714620800496156949e+00 -3.111752051804248076e+00 -4.946016698303490333e-01 -1.604933352017200221e+00 2.531900780347250191e+00 3.893946080134384591e+00 6.107424159289774934e+01 5.916609343121915288e+01 4.029477554418556196e+01 1.807679714272089555e+01
1.182266770713792312e-02 -3.363222333771812619e-03 2.712245243585029178e-05 -1.522961027535023554e-04 1.905976493581284549e-03 9.756912839339916543e-04 1.664086071809839059e-03 3.239697684362349600e-04 -1.000842008519613451e-03 -1.152788903434339396e+01 1.241991389349827335e+00 1.210319626709066121e+01 -1.437286421699201000e+01 -2.402675929505162955e+00 -1.098132920287398395e+00 4.042924631955953529e+00 2.453925362603039062e+00 -8.986854334303505709e+01 4.029477554418556196e+01 1.006600220267472849e+02 6.418547810087632399e+01
1.313898504647553929e-02 2.895093100207883716e-03 2.351570404783419224e-04 -1.768845121580676065e-05 7.271898576955563350e-04 1.643041217484189111e-03 2.126712635113619035e-03 4.690252088318800955e-04 -1.688934543672536686e-03 -5.167621310612172181e+01 3.384759818347635729e-01 8.167890068360275535e+00 -1.130922392314528047e+01 -2.169524405243612009e+00 -1.039377932353506395e+00 5.710903985395999527e+00 2.890427981150979164e+01 -8.151496466508693572e+01 1.807679714272089910e+01 6.418547810087632399e+01 1.079701817724210002e+02
