# logA n_s theta_s_1e2 omega_b omega_cdm tau_reio A_planck calib_100T calib_217T A_cib_217 xi_sz_cib A_sz ksz_norm gal545_A_100 gal545_A_143 gal545_A_143_217 gal545_A_217 ps_A_100_100 ps_A_143_143 ps_A_143_217 ps_A_217_217 galf_TE_A_100 galf_TE_A_100_143 galf_TE_A_100_217 galf_TE_A_143 galf_TE_A_143_217 galf_TE_A_217
2.323231374053427104e-04 4.722855041273012262e-06 1.450761611003083117e-07 3.677013331336852068e-07 -1.059795606228212007e-06 1.062731636216427821e-04 9.307847334494377583e-06 2.019756302583684641e-07 -5.206038403257329747e-07 -8.072045080487106478e-03 4.132179772894115717e-04 1.142873466551710005e-03 -3.109899635693864038e-03 7.903664664169365688e-04 9.288274280684902847e-04 -1.521938314242819452e-04 2.909408036605211963e-03 -1.192741552462599393e-02 -1.975628053259843257e-03 1.101923607888870976e-02 1.559949427605400105e-02 6.600104043507481237e-06 -2.047153541067960579e-05 -2.612680197599619498e-05 -3.319138214546682304e-06 -4.172089939409638973e-05 -5.354468039936106021e-05
4.722855041273012262e-06 1.794608699099819660e-05 3.004370595049194975e-07 2.708914018299210411e-07 -4.065325649073928229e-06 7.606310604481529180e-06 3.430397122749590120e-07 -4.126889598292597018e-08 -7.150641715206856198e-08 -4.620518376786495775e-03 1.295679529625662276e-04 6.815045958264727812e-04 -2.110794069236928295e-03 1.257280039887191041e-04 -3.135595273291141697e-04 -2.372022434081684278e-04 1.624461444744594021e-03 -1.516305783611284971e-02 -5.085088106802840638e-03 2.080668909157320536e-03 4.860951616031872723e-03 -1.139524253216291397e-06 6.340821019981773695e-07 -2.455705323134746834e-06 -7.852846766186601821e-07 -9.964803732691447671e-06 -4.648685655447819259e-05
1.450761611003083117e-07 3.004370595049194975e-07 7.836117628055693870e-08 1.004568130065507120e-08 -9.138509710801712407e-08 1.535817447133891505e-07 -6.277094723722954461e-09 -2.779354763940085868e-09 -1.318783796837284069e-10 -1.095808936418975837e-05 2.609900634732557465e-06 9.133198481424194907e-06 -8.342548655281143953e-06 -9.998250825354513226e-06 -1.118008033569974348e-05 9.037492086840969634e-06 1.935944865645095864e-05 2.421667145654647131e-05 6.358032426274662927e-05 6.660388814934352472e-05 5.609064773245583032e-06 3.489024857556345144e-07 9.542031064253877534e-08 -1.342499794031987304e-06 7.165385909592319140e-08 3.703611308565832556e-07 -3.417210155620781730e-06
3.677013331336852068e-07 2.708914018299210411e-07 1.004568130065507120e-08 2.039317278638344396e-08 -1.076975583850252590e-07 2.727172054963606672e-07 3.915383593355706148e-09 -3.794819965229930135e-10 -6.405044164007658804e-10 -9.645427174006474414e-05 1.333630101668067651e-06 1.500625821392471406e-05 -3.459913917326043909e-05 -2.651514171711775544e-06 -7.024843397153246727e-06 -9.102679236916051483e-06 2.707230337475579197e-05 -3.293465946430546324e-04 -1.750203854546005444e-04 -4.369355369405548609e-05 4.008194647810390398e-05 -1.303379678403945895e-07 -1.524614763424324620e-08 1.225748832025854224e-07 -6.199951467876103444e-08 -2.485933972830666771e-07 -2.148710159612255289e-06
-1.059795606228212007e-06 -4.065325649073928229e-06 -9.138509710801712407e-08 -1.076975583850252590e-07 1.764085243232268840e-06 -2.641522001904364489e-06 -4.200336388131954614e-08 1.964834885026931629e-09 -2.017913168964991138e-08 2.821201431333303453e-04 -1.652115789818723140e-05 -6.649589958675119175e-06 6.753050331911286783e-05 -5.864589218004922485e-05 -1.702820461678604963e-05 -8.140917832044989721e-05 -3.019573551375105951e-04 -2.963892661874874008e-04 5.442453452328806446e-04 2.134096043731694196e-04 2.765912722256997410e-04 1.430526712323077024e-06 -2.443913526978773944e-07 -1.204107025809768165e-06 -4.045772143710376928e-07 4.762225148037438932e-06 2.360745539192095287e-05
1.062731636216427685e-04 7.606310604481529180e-06 1.535817447133891505e-07 2.727172054963606142e-07 -2.641522001904364489e-06 5.729378638108973028e-05 -1.135868379244683005e-06 -1.025843690609959699e-08 -2.121092408224891426e-07 -3.712461549193563689e-03 2.124030242806619324e-04 7.004170052033398741e-04 -1.353183138402422108e-03 3.749070441409523479e-04 6.696588048019511607e-04 1.498797051826782350e-04 7.581344843215686788e-04 -7.938698787279018995e-03 -2.416592824273207808e-03 4.461832632079397280e-03 4.206866555499085177e-03 -3.457707394433774235e-07 -1.012131346864984974e-05 -8.410928052586194998e-06 -1.254804195035101373e-06 -3.426984743132729342e-05 -7.353323880306781722e-05
9.307847334494377583e-06 3.430397122749590120e-07 -6.277094723722954461e-09 3.915383593355706148e-09 -4.200336388131954614e-08 -1.135868379244683005e-06 5.849429864347184589e-06 4.957433091149538755e-08 -1.968751292992760557e-08 2.198687856855525502e-04 -7.997149046271425236e-06 -1.729824464253438675e-04 1.445810306658696276e-04 2.666560027182033644e-04 1.111368078332511947e-04 3.036220341404528356e-05 8.999288823678337811e-04 5.660624767664271077e-03 6.041513963200447444e-04 -1.869847062095805171e-04 1.596382255397994993e-03 1.832806344012361795e-06 1.979205840691439238e-07 -1.784437711063907065e-06 7.517593656480055386e-07 4.689651364306062161e-06 2.030645085335717581e-05
2.019756302583684641e-07 -4.126889598292597018e-08 -2.779354763940085868e-09 -3.794819965229930135e-10 1.964834885026931629e-09 -1.025843690609959699e-08 4.957433091149538755e-08 3.798058402697737551e-07 1.640225699068394975e-09 -3.946157971391178049e-04 6.273541200479785406e-06 1.461468122132154055e-04 -9.968554466260351693e-05 1.905319647595573132e-04 -1.800696752372131081e-04 3.679378657242995645e-05 3.310627735656926991e-04 3.346394175036558095e-03 7.808365410497797700e-05 5.618520636564303334e-04 7.065311901157855703e-04 -2.132161330415517845e-07 -6.257129916177386996e-07 -7.137094407377363519e-07 -8.135614478677307749e-07 1.183331917890154774e-06 7.448952429239448039e-06
-5.206038403257329747e-07 -7.150641715206856198e-08 -1.318783796837284069e-10 -6.405044164007658804e-10 -2.017913168964991138e-08 -2.121092408224891426e-07 -1.968751292992760557e-08 1.640225699068394975e-09 3.792840904091341245e-07 8.365391921601822650e-04 4.095845540852933643e-06 -4.355525322149495946e-05 5.892500027096384332e-05 -4.087788566182183028e-05 -4.646610482483227111e-05 4.072120710665419778e-04 8.557206435129466240e-04 5.586494324536656888e-04 1.714225573449615911e-04 -3.236928707985618292e-04 -1.599847160845610430e-03 1.346540327086856195e-07 -1.056980719462654683e-07 2.287421735457643932e-06 -1.284895888093670923e-06 1.256591075470667714e-06 5.784246350227761261e-07
-8.072045080487106478e-03 -4.620518376786495775e-03 -1.095808936418974821e-05 -9.645427174006474414e-05 2.821201431333303453e-04 -3.712461549193563689e-03 2.198687856855526316e-04 -3.946157971391178049e-04 8.365391921601822650e-04 4.316926806255516880e+01 -3.727423126281442789e-01 -8.381557675654046635e-01 -4.164003972316683289e-01 -2.128191792934385207e-01 5.943070515263122466e-01 -5.425217722355221817e+00 -3.142111329006226939e+01 3.496874412933402709e+01 2.711223702700374716e+00 -1.167614605068074063e+01 -5.314951741623013959e+01 -4.416749119902863875e-03 2.066565189829688669e-03 1.927731349887620155e-02 9.835726777080066457e-03 -9.851295831073253115e-03 -2.263477925907083146e-02
4.132179772894115717e-04 1.295679529625662276e-04 2.609900634732557888e-06 1.333630101668067439e-06 -1.652115789818723140e-05 2.124030242806619324e-04 -7.997149046271425236e-06 6.273541200479786254e-06 4.095845540852934491e-06 -3.727423126281442789e-01 7.992986235461740918e-02 -4.470660303051167406e-02 3.681706246108561176e-02 -3.087625596951008508e-02 -3.851064949009278243e-04 1.249037934454672177e-01 1.868030447310269904e-01 -1.447153364913390527e-01 1.012861059198057134e+00 1.683784873593445974e+00 6.113294073092871983e-01 -9.506694173279451655e-05 -1.556708253665469235e-04 -6.435785410294668973e-04 -4.270381171024978102e-04 -4.229365166261708840e-04 -3.664522924033892289e-04
1.142873466551710005e-03 6.815045958264726728e-04 9.133198481424196602e-06 1.500625821392471406e-05 -6.649589958675119175e-06 7.004170052033398741e-04 -1.729824464253438675e-04 1.461468122132154055e-04 -4.355525322149495946e-05 -8.381557675654046635e-01 -4.470660303051167406e-02 3.866062330198126951e+00 -2.775501273990741868e+00 -2.958861061421051430e-01 2.344080978726933717e-01 2.639805593925663274e+00 3.198686992393675599e+00 -3.003448235191664040e+01 -3.308611617333988786e+00 7.922579452155792623e+00 5.490275324759872788e+00 1.862424584082083157e-03 -1.008119820924285393e-03 -1.262846240605023729e-03 2.197829537320654652e-03 2.746601872018750602e-03 -3.545879612260730441e-03
-3.109899635693863604e-03 -2.110794069236927861e-03 -8.342548655281140565e-06 -3.459913917326043909e-05 6.753050331911286783e-05 -1.353183138402422108e-03 1.445810306658696276e-04 -9.968554466260351693e-05 5.892500027096384332e-05 -4.164003972316683289e-01 3.681706246108561176e-02 -2.775501273990741868e+00 6.084145416756848057e+00 3.728787354726681436e-01 -3.106333344803300367e-01 -1.950279187971149852e+00 -1.981193682026169522e+00 1.264454665394757349e+01 -5.378658379562593517e+00 -1.281490916716273532e+01 -9.340524896852727466e+00 3.340560730179314920e-04 1.410677510106413861e-03 4.222001795057393585e-03 -3.634750442494718344e-03 3.197076890182668331e-04 1.190710570240431903e-03
7.903664664169366772e-04 1.257280039887191312e-04 -9.998250825354514920e-06 -2.651514171711775544e-06 -5.864589218004925196e-05 3.749070441409522937e-04 2.666560027182033644e-04 1.905319647595573132e-04 -4.087788566182183028e-05 -2.128191792934385207e-01 -3.087625596951008508e-02 -2.958861061421050875e-01 3.728787354726681436e-01 3.490945050683012418e+00 7.109967313530972666e-01 1.995516878208541678e-01 3.640066774161360708e-01 -6.101636568277647221e+00 -1.167024168559134711e+00 -2.060744941108741290e+00 -5.182068506086057180e-01 -8.329901237802485618e-04 -2.163879056231962671e-04 3.962301520456298388e-03 -1.467580797960152394e-03 -6.316477130285054475e-03 -4.512985158803867365e-03
9.288274280684902847e-04 -3.135595273291141697e-04 -1.118008033569974348e-05 -7.024843397153245033e-06 -1.702820461678604963e-05 6.696588048019511607e-04 1.111368078332511947e-04 -1.800696752372131081e-04 -4.646610482483227111e-05 5.943070515263122466e-01 -3.851064949009262522e-04 2.344080978726933440e-01 -3.106333344803300367e-01 7.109967313530972666e-01 2.971666645855115529e+00 2.554928833266949528e+00 2.550474053792354034e+00 3.911636542360148017e+00 -1.376364965321495548e+00 -5.657002852619904543e-01 -1.033449798118036389e+00 3.882239280650717187e-04 -3.872150988990604890e-04 5.282232654313987960e-03 2.821880567971326789e-03 -9.714002349733979200e-04 -3.452617535744742245e-03
-1.521938314242821620e-04 -2.372022434081684820e-04 9.037492086840973022e-06 -9.102679236916048095e-06 -8.140917832044989721e-05 1.498797051826782892e-04 3.036220341404533100e-05 3.679378657242995645e-05 4.072120710665419778e-04 -5.425217722355221817e+00 1.249037934454672177e-01 2.639805593925663274e+00 -1.950279187971149852e+00 1.995516878208541400e-01 2.554928833266949528e+00 1.041997806153094785e+01 1.865466633957381148e+01 -1.459670198048893219e+01 2.820892573748162491e+00 5.346116358717736716e+00 5.038144463144405449e+00 -1.745951528075350518e-03 -3.676277628258220226e-04 -3.223852904303908806e-03 -1.783892357160058069e-03 6.749591973283574492e-03 1.051463181438344087e-02
2.909408036605211963e-03 1.624461444744594021e-03 1.935944865645095864e-05 2.707230337475579197e-05 -3.019573551375105951e-04 7.581344843215685704e-04 8.999288823678337811e-04 3.310627735656926991e-04 8.557206435129466240e-04 -3.142111329006226939e+01 1.868030447310269904e-01 3.198686992393675599e+00 -1.981193682026169522e+00 3.640066774161360152e-01 2.550474053792354034e+00 1.865466633957381148e+01 5.125620213621347432e+01 -2.518316990241693532e+01 3.298297832295354670e+00 8.334607927908139757e+00 3.097529489251943247e+01 -2.679007477083750720e-03 -7.150197339518161044e-04 -1.012835988309736084e-02 -7.669425273931333893e-03 1.831393689369633856e-02 2.653137087598539737e-02
-1.192741552462599393e-02 -1.516305783611284971e-02 2.421667145654647131e-05 -3.293465946430546324e-04 -2.963892661874873466e-04 -7.938698787279018995e-03 5.660624767664271077e-03 3.346394175036558095e-03 5.586494324536656888e-04 3.496874412933402709e+01 -1.447153364913389695e-01 -3.003448235191664040e+01 1.264454665394757171e+01 -6.101636568277646333e+00 3.911636542360148017e+00 -1.459670198048893219e+01 -2.518316990241693532e+01 7.711947686043882868e+02 7.551743034314559111e+01 -4.152605505200869374e+01 -5.677038362971075003e+01 -3.502981894297973325e-02 -8.912452926370318523e-03 -3.946890866206719667e-02 1.740750006716121345e-02 -3.587698955276344415e-02 1.007524903698340246e-01
-1.975628053259843257e-03 -5.085088106802840638e-03 6.358032426274661572e-05 -1.750203854546005444e-04 5.442453452328806446e-04 -2.416592824273207808e-03 6.041513963200446360e-04 7.808365410497797700e-05 1.714225573449615911e-04 2.711223702700375160e+00 1.012861059198057134e+00 -3.308611617333988786e+00 -5.378658379562593517e+00 -1.167024168559134711e+00 -1.376364965321495548e+00 2.820892573748162491e+00 3.298297832295354670e+00 7.551743034314559111e+01 6.296422885480969001e+01 4.310111575056412647e+01 1.427344884534247704e+01 -1.127788013550184987e-02 -3.737836031476531908e-03 -3.244455932928880931e-02 3.169674783991213024e-03 -2.839455069069676124e-02 2.359156596459895811e-02
1.101923607888870976e-02 2.080668909157320536e-03 6.660388814934352472e-05 -4.369355369405548609e-05 2.134096043731694196e-04 4.461832632079397280e-03 -1.869847062095805442e-04 5.618520636564303334e-04 -3.236928707985618292e-04 -1.167614605068074063e+01 1.683784873593445974e+00 7.922579452155790847e+00 -1.281490916716273532e+01 -2.060744941108741735e+00 -5.657002852619905653e-01 5.346116358717735828e+00 8.334607927908139757e+00 -4.152605505200869374e+01 4.310111575056412647e+01 8.737998301211855789e+01 5.198501949023503954e+01 2.933615954576546591e-04 -1.205881181587566825e-02 -2.996468496285029093e-02 5.688190618913487387e-03 -1.660715397286526007e-02 8.423221318592494233e-03
1.559949427605400105e-02 4.860951616031872723e-03 5.609064773245588115e-06 4.008194647810390398e-05 2.765912722256997410e-04 4.206866555499085177e-03 1.596382255397994993e-03 7.065311901157855703e-04 -1.599847160845610430e-03 -5.314951741623013959e+01 6.113294073092871983e-01 5.490275324759872788e+00 -9.340524896852727466e+00 -5.182068506086056070e-01 -1.033449798118036167e+00 5.038144463144405449e+00 3.097529489251943247e+01 -5.677038362971075003e+01 1.427344884534247704e+01 5.198501949023503954e+01 1.007441419060945691e+02 1.123150148388357347e-02 -7.740279489066795825e-03 -3.546621916079970710e-02 -6.705427011045373732e-03 2.109941438620100470e-03 4.226397562942244002e-02
6.600104043507481237e-06 -1.139524253216292455e-06 3.489024857556345144e-07 -1.303379678403945895e-07 1.430526712323077024e-06 -3.457707394433772646e-07 1.832806344012362219e-06 -2.132161330415517845e-07 1.346540327086855401e-07 -4.416749119902862140e-03 -9.506694173279451655e-05 1.862424584082083157e-03 3.340560730179314920e-04 -8.329901237802485618e-04 3.882239280650716644e-04 -1.745951528075350518e-03 -2.679007477083750720e-03 -3.502981894297973325e-02 -1.127788013550184640e-02 2.933615954576550386e-04 1.123150148388357000e-02 1.520029242322689040e-03 2.709968555714563116e-04 1.651470837407837669e-04 -3.980891397516194731e-04 -2.003416357464485526e-04 -3.798750593574274519e-04
-2.047153541067960579e-05 6.340821019981773695e-07 9.542031064253877534e-08 -1.524614763424324620e-08 -2.443913526978773944e-07 -1.012131346864984974e-05 1.979205840691442150e-07 -6.257129916177386996e-07 -1.056980719462654683e-07 2.066565189829689536e-03 -1.556708253665469235e-04 -1.008119820924285393e-03 1.410677510106413428e-03 -2.163879056231962671e-04 -3.872150988990604890e-04 -3.676277628258216431e-04 -7.150197339518161044e-04 -8.912452926370318523e-03 -3.737836031476532341e-03 -1.205881181587566651e-02 -7.740279489066795825e-03 2.709968555714563116e-04 8.479934908835498565e-04 4.318791148367987919e-05 6.965071771837024611e-04 1.309752719535986198e-05 -1.005267707200962080e-03
-2.612680197599618820e-05 -2.455705323134747681e-06 -1.342499794031987516e-06 1.225748832025853695e-07 -1.204107025809769223e-06 -8.410928052586194998e-06 -1.784437711063908548e-06 -7.137094407377365637e-07 2.287421735457643932e-06 1.927731349887619461e-02 -6.435785410294666805e-04 -1.262846240605023295e-03 4.222001795057393585e-03 3.962301520456299256e-03 5.282232654313987960e-03 -3.223852904303907072e-03 -1.012835988309735737e-02 -3.946890866206719667e-02 -3.244455932928881625e-02 -2.996468496285029440e-02 -3.546621916079970710e-02 1.651470837407837669e-04 4.318791148367985886e-05 7.623614030303114096e-03 -3.929840062284042164e-04 6.756493868299438994e-04 4.456698006261898375e-03
-3.319138214546682304e-06 -7.852846766186610291e-07 7.165385909592321787e-08 -6.199951467876099473e-08 -4.045772143710375869e-07 -1.254804195035102220e-06 7.517593656480057504e-07 -8.135614478677306690e-07 -1.284895888093670923e-06 9.835726777080066457e-03 -4.270381171024977560e-04 2.197829537320654652e-03 -3.634750442494717477e-03 -1.467580797960152394e-03 2.821880567971326356e-03 -1.783892357160056768e-03 -7.669425273931332158e-03 1.740750006716120998e-02 3.169674783991214759e-03 5.688190618913489122e-03 -6.705427011045372865e-03 -3.980891397516194731e-04 6.965071771837024611e-04 -3.929840062284041622e-04 2.929995966640848437e-03 4.370267648378369169e-04 -1.170098091649126931e-03
-4.172089939409638973e-05 -9.964803732691445977e-06 3.703611308565833615e-07 -2.485933972830666771e-07 4.762225148037438932e-06 -3.426984743132729342e-05 4.689651364306061314e-06 1.183331917890154774e-06 1.256591075470667714e-06 -9.851295831073253115e-03 -4.229365166261708298e-04 2.746601872018750602e-03 3.197076890182677005e-04 -6.316477130285054475e-03 -9.714002349733978116e-04 6.749591973283574492e-03 1.831393689369633856e-02 -3.587698955276344415e-02 -2.839455069069676124e-02 -1.660715397286526007e-02 2.109941438620099603e-03 -2.003416357464485526e-04 1.309752719535986537e-05 6.756493868299438994e-04 4.370267648378369169e-04 6.174116603165738168e-03 8.353866748747051929e-03
-5.354468039936105344e-05 -4.648685655447821292e-05 -3.417210155620781730e-06 -2.148710159612255289e-06 2.360745539192094948e-05 -7.353323880306783078e-05 2.030645085335717581e-05 7.448952429239444651e-06 5.784246350227737968e-07 -2.263477925907086616e-02 -3.664522924033896084e-04 -3.545879612260736946e-03 1.190710570240449033e-03 -4.512985158803859559e-03 -3.452617535744747883e-03 1.051463181438344434e-02 2.653137087598545288e-02 1.007524903698340385e-01 2.359156596459899280e-02 8.423221318592541071e-03 4.226397562942238451e-02 -3.798750593574274519e-04 -1.005267707200962080e-03 4.456698006261898375e-03 -1.170098091649126931e-03 8.353866748747051929e-03 7.128945490495235127e-02
