# logA n_s theta_s_1e2 omega_b omega_cdm tau_reio A_planck calib_100T calib_217T A_cib_217 xi_sz_cib A_sz ksz_norm gal545_A_100 gal545_A_143 gal545_A_143_217 gal545_A_217 ps_A_100_100 ps_A_143_143 ps_A_143_217 ps_A_217_217
2.424306367860817586e-04 -2.643973400640210453e-06 2.060511377989101639e-07 3.131372813843529461e-07 2.807872576147414951e-06 1.045053880421980679e-04 1.103472933537992455e-05 1.578823848754232687e-07 1.038597674828700113e-07 -5.164894066688038507e-03 3.344259835836338218e-04 1.167749094461854181e-03 -3.226360347238036667e-03 -1.055737841266272958e-03 -9.267088880489714273e-04 1.108927718071165167e-04 4.508327559175702610e-03 -1.291535630304587595e-02 -1.015446869555469440e-03 9.595474017693682994e-03 1.149513497628433349e-02
-2.643973400640210453e-06 3.234751024067221019e-05 9.893748398720751605e-07 6.121831166726371159e-07 -9.816660505781957686e-06 1.058415015372091583e-05 7.254273645661324945e-07 -1.312946546387908775e-07 5.156278396438376063e-08 -4.827512240217769236e-03 1.229077359422100124e-04 1.037902543533491921e-03 -2.511044440644069013e-03 3.737307429069420877e-04 -1.059292489624604107e-04 1.656881602209479083e-04 2.431279763692630567e-03 -2.727694107291656761e-02 -8.555103307102893129e-03 -1.148295778027035724e-04 2.961810354142393846e-03
2.060511377989101639e-07 9.893748398720751605e-07 1.838642024551251254e-07 3.000606915518458497e-08 -3.471884040100055318e-07 3.869858487847360295e-07 6.166972298690124101e-08 -4.966457129027752656e-09 5.305832596443087043e-09 1.903547378381028653e-05 -1.914437433201392236e-06 4.556090312752954582e-06 8.032491069743839205e-06 4.672462306254115819e-06 8.148879843696953812e-06 2.758697597927269686e-05 4.360435992707095389e-05 -9.156005564163407931e-05 -1.068319080533405087e-04 -1.827947451119765797e-04 -1.380224665659455878e-04
3.131372813843529461e-07 6.121831166726371159e-07 3.000606915518458497e-08 4.250237683872223032e-08 -2.223343515144411065e-07 3.502343100980281794e-07 2.423447288124619823e-08 1.814032887500365904e-09 4.697683426866517864e-10 -1.312516574541497773e-04 2.925939744328639021e-06 2.660767983202519575e-05 -5.492000143180731216e-05 2.924076877867346878e-06 4.768769463929828575e-06 -1.732237224332918935e-06 3.820534136794680641e-05 -4.635837504917997786e-04 -3.958167729666061470e-04 -1.747051332301311800e-04 -4.911372407460259221e-05
2.807872576147414951e-06 -9.816660505781957686e-06 -3.471884040100055318e-07 -2.223343515144411065e-07 4.397237473443951036e-06 -3.658662075749193842e-06 -2.163907959840355165e-07 1.356914418732856934e-08 -4.231045184174381663e-08 2.313562449865061779e-04 -7.838348733819154178e-06 -1.304568568770719390e-06 3.308665524862694480e-05 -4.836968416787181484e-05 -6.358090860494391235e-05 -5.557520319907628773e-05 -2.513430801417377647e-04 2.480421082452770754e-03 1.269333399235944310e-03 1.159764404413104761e-03 1.144926673289878597e-03
1.045053880421980679e-04 1.058415015372091583e-05 3.869858487847360295e-07 3.502343100980281794e-07 -3.658662075749193842e-06 5.617674319298141846e-05 2.191021560646535572e-07 -3.038172453913435173e-08 6.753936796225761972e-08 -2.957438891467032305e-03 1.444002543352505461e-04 6.650157266305099140e-04 -1.267405016364351808e-03 -2.358167071869685105e-04 -2.376696264625976284e-05 5.122064165719351176e-04 2.062700334745119421e-03 -1.193696379421499421e-02 -2.918044249020472925e-03 2.069441354859937864e-03 2.084472542100991241e-03
1.103472933537992455e-05 7.254273645661324945e-07 6.166972298690124101e-08 2.423447288124619823e-08 -2.163907959840355165e-07 2.191021560646536367e-07 5.545897078962332248e-06 9.591729366055932747e-09 3.223062186727720097e-08 7.497662209291343794e-04 1.513256106129998419e-05 -1.186683047712855295e-04 5.722284422640843473e-05 -4.247250850720613307e-05 -2.604602981113198466e-05 -5.750708123501313172e-05 7.369648983863663844e-04 4.443233261332136044e-03 9.184999314753489229e-04 3.923402848655770645e-04 7.456045200161269190e-04
1.578823848754232687e-07 -1.312946546387908775e-07 -4.966457129027752656e-09 1.814032887500365904e-09 1.356914418732856934e-08 -3.038172453913435173e-08 9.591729366055932747e-09 3.913331930869704707e-07 4.165232420615956449e-09 -2.196241821002198823e-04 3.936173321626887811e-07 1.300022486718958664e-04 -1.004515325109066310e-04 1.440511409024678553e-04 -2.002504642514151044e-04 -2.745001162805059668e-05 9.420723260286147929e-05 3.895982736640362515e-03 9.209156328952497863e-05 4.228665966556951063e-04 4.979232982858760844e-04
1.038597674828700113e-07 5.156278396438376063e-08 5.305832596443087043e-09 4.697683426866517864e-10 -4.231045184174381663e-08 6.753936796225761972e-08 3.223062186727720097e-08 4.165232420615956449e-09 3.873538220691213611e-07 6.242893015913364169e-04 -1.271070642434951007e-06 -5.519987358931650450e-05 2.982356065438439795e-05 -2.291056744332776134e-05 -4.424468324043437487e-05 4.240095999663268762e-04 1.009020406073454171e-03 5.149849172038957479e-04 3.729447465545330766e-05 -5.276915723592357985e-04 -1.309356863592705828e-03
-5.164894066688038507e-03 -4.827512240217769236e-03 1.903547378381028653e-05 -1.312516574541497773e-04 2.313562449865061779e-04 -2.957438891467032305e-03 7.497662209291343794e-04 -2.196241821002198823e-04 6.242893015913364169e-04 4.579341805865574599e+01 -4.472790732767569777e-01 -4.115678072283217026e-01 -5.406393529958016808e-01 8.930655536956478430e-03 1.690999333889432188e-01 -6.445272647998610438e+00 -3.503163304464681715e+01 3.201837534138861230e+01 1.615375157068528633e+00 -1.263705483497244231e+01 -5.553150197796660592e+01
3.344259835836338218e-04 1.229077359422100124e-04 -1.914437433201392659e-06 2.925939744328639021e-06 -7.838348733819154178e-06 1.444002543352505190e-04 1.513256106129997742e-05 3.936173321626898399e-07 -1.271070642434951218e-06 -4.472790732767568112e-01 8.209091763929875218e-02 -3.942157400699983216e-02 4.001684617388867604e-02 -6.746070898407376983e-03 1.829647015931455678e-02 1.155772518519714853e-01 2.088829367582906993e-01 -6.380399385900066278e-01 8.229933049751503304e-01 1.640805871615262923e+00 7.007400057128116977e-01
1.167749094461854181e-03 1.037902543533491921e-03 4.556090312752957971e-06 2.660767983202519914e-05 -1.304568568770727860e-06 6.650157266305099140e-04 -1.186683047712855024e-04 1.300022486718958664e-04 -5.519987358931651805e-05 -4.115678072283216471e-01 -3.942157400699983910e-02 3.894669473222566403e+00 -3.040829430840070291e+00 -2.322093337027180127e-01 1.003753688079957185e-01 2.505628483284060071e+00 2.773448450905557916e+00 -3.022992998015210020e+01 -2.934750219202074906e+00 8.360872590603415588e+00 5.478335682694956965e+00
-3.226360347238035799e-03 -2.511044440644069013e-03 8.032491069743830735e-06 -5.492000143180731216e-05 3.308665524862693124e-05 -1.267405016364351808e-03 5.722284422640847539e-05 -1.004515325109066310e-04 2.982356065438439117e-05 -5.406393529958016808e-01 4.001684617388868298e-02 -3.040829430840070291e+00 6.610753400594285623e+00 8.599619630795866942e-02 -2.411452596282018246e-01 -2.179998953485101865e+00 -2.129689654251833986e+00 1.529011251711765418e+01 -4.744740650692754969e+00 -1.324935110894330315e+01 -9.973202767177392403e+00
-1.055737841266273392e-03 3.737307429069420335e-04 4.672462306254113278e-06 2.924076877867344760e-06 -4.836968416787181484e-05 -2.358167071869685918e-04 -4.247250850720613984e-05 1.440511409024678553e-04 -2.291056744332775795e-05 8.930655536956532206e-03 -6.746070898407376983e-03 -2.322093337027180127e-01 8.599619630795866942e-02 3.345791445499247452e+00 5.765482457125087334e-01 3.737521372809234355e-01 4.814112540837777732e-01 -6.791015367574138040e+00 -1.296419639740607234e-02 -1.094348853044799563e+00 -6.347510575217703011e-01
-9.267088880489714273e-04 -1.059292489624604107e-04 8.148879843696957200e-06 4.768769463929829422e-06 -6.358090860494392590e-05 -2.376696264625979672e-05 -2.604602981113198805e-05 -2.002504642514151044e-04 -4.424468324043437487e-05 1.690999333889432188e-01 1.829647015931455331e-02 1.003753688079956907e-01 -2.411452596282017691e-01 5.765482457125087334e-01 3.445194371767808406e+00 3.077528250728774672e+00 3.464619782159739536e+00 6.401604348654481136e+00 -1.162592920727247403e+00 -6.292455617293368775e-01 -9.584206659233059922e-01
1.108927718071165167e-04 1.656881602209478541e-04 2.758697597927269686e-05 -1.732237224332921053e-06 -5.557520319907625385e-05 5.122064165719351176e-04 -5.750708123501313172e-05 -2.745001162805059668e-05 4.240095999663268762e-04 -6.445272647998609550e+00 1.155772518519715131e-01 2.505628483284060071e+00 -2.179998953485101865e+00 3.737521372809234355e-01 3.077528250728774672e+00 1.124549488014671539e+01 2.047843518299747601e+01 -1.152095540227400683e+01 3.628988968229923451e+00 4.762361683528925305e+00 5.899108539360272907e+00
4.508327559175702610e-03 2.431279763692630567e-03 4.360435992707095389e-05 3.820534136794680641e-05 -2.513430801417377647e-04 2.062700334745118554e-03 7.369648983863663844e-04 9.420723260286147929e-05 1.009020406073454171e-03 -3.503163304464681005e+01 2.088829367582907548e-01 2.773448450905557916e+00 -2.129689654251833986e+00 4.814112540837777732e-01 3.464619782159739536e+00 2.047843518299747601e+01 5.665127626380406411e+01 -1.991799595076256679e+01 5.079872090585884514e+00 7.774203033294289966e+00 3.408801418891922452e+01
-1.291535630304587595e-02 -2.727694107291656761e-02 -9.156005564163407931e-05 -4.635837504917997786e-04 2.480421082452770754e-03 -1.193696379421499421e-02 4.443233261332136912e-03 3.895982736640362515e-03 5.149849172038957479e-04 3.201837534138861230e+01 -6.380399385900066278e-01 -3.022992998015210020e+01 1.529011251711765240e+01 -6.791015367574138040e+00 6.401604348654482024e+00 -1.152095540227400683e+01 -1.991799595076256679e+01 7.871393915989162906e+02 6.350332732041349004e+01 -5.995917943475550516e+01 -6.066082240285509641e+01
-1.015446869555469440e-03 -8.555103307102893129e-03 -1.068319080533405223e-04 -3.958167729666061470e-04 1.269333399235944310e-03 -2.918044249020472925e-03 9.184999314753490313e-04 9.209156328952499218e-05 3.729447465545330089e-05 1.615375157068528411e+00 8.229933049751503304e-01 -2.934750219202074906e+00 -4.744740650692754969e+00 -1.296419639740607234e-02 -1.162592920727247403e+00 3.628988968229923451e+00 5.079872090585884514e+00 6.350332732041349004e+01 5.878722597674527606e+01 3.804633917201459781e+01 1.544442846022525373e+01
9.595474017693682994e-03 -1.148295778027037486e-04 -1.827947451119766068e-04 -1.747051332301311800e-04 1.159764404413104761e-03 2.069441354859938298e-03 3.923402848655770645e-04 4.228665966556951063e-04 -5.276915723592357985e-04 -1.263705483497244231e+01 1.640805871615262923e+00 8.360872590603415588e+00 -1.324935110894330315e+01 -1.094348853044799563e+00 -6.292455617293368775e-01 4.762361683528925305e+00 7.774203033294289966e+00 -5.995917943475550516e+01 3.804633917201459781e+01 8.686610911616388364e+01 5.641483254358249155e+01
1.149513497628433523e-02 2.961810354142394713e-03 -1.380224665659455336e-04 -4.911372407460256511e-05 1.144926673289878164e-03 2.084472542100991241e-03 7.456045200161269190e-04 4.979232982858761928e-04 -1.309356863592706045e-03 -5.553150197796660592e+01 7.007400057128116977e-01 5.478335682694956965e+00 -9.973202767177390626e+00 -6.347510575217701900e-01 -9.584206659233058812e-01 5.899108539360272019e+00 3.408801418891921031e+01 -6.066082240285510352e+01 1.544442846022525728e+01 5.641483254358249155e+01 1.067600584351335442e+02
