# logA n_s Omega_k theta_s_1e2 omega_b omega_cdm tau_reio A_planck
1.835812455465168111e-04 6.018276004851825492e-07 -8.180243193873434410e-08 1.815219156382750188e-07 2.191168942351613620e-07 -7.267547114685296927e-08 8.182544672874456928e-05 7.715044751737161821e-06
6.018276004851825492e-07 1.344782354040945283e-05 -3.029336846902906616e-06 1.951093580973563575e-07 1.833647444974800248e-07 -3.110743907336664527e-06 4.040449070721144172e-06 5.820164989523046588e-07
-8.180243193873434410e-08 -3.029336846902906616e-06 2.638028562700964276e-06 -1.190853424039682573e-07 -8.622745806850207127e-08 1.243095351204505919e-06 -1.166422918473617078e-06 -2.187052394554061445e-07
1.815219156382750188e-07 1.951093580973563575e-07 -1.190853424039682573e-07 6.232438367549648925e-08 8.259257904276021696e-09 -6.262272804611069717e-08 1.132692825044801681e-07 1.916912882697789265e-08
2.191168942351613620e-07 1.833647444974800248e-07 -8.622745806850207127e-08 8.259257904276021696e-09 1.583291595248241773e-08 -7.673042988992883376e-08 1.673507299061415504e-07 -2.759831664307398204e-09
-7.267547114685296927e-08 -3.110743907336664527e-06 1.243095351204505919e-06 -6.262272804611069717e-08 -7.673042988992883376e-08 1.333506947323267713e-06 -1.476426507691056569e-06 -1.513502985915730094e-07
8.182544672874456928e-05 4.040449070721144172e-06 -1.166422918473617078e-06 1.132692825044801681e-07 1.673507299061415504e-07 -1.476426507691056569e-06 4.263062794470787252e-05 -5.162615310834887953e-07
7.715044751737161821e-06 5.820164989523046588e-07 -2.187052394554061445e-07 1.916912882697789265e-08 -2.759831664307398204e-09 -1.513502985915730094e-07 -5.162615310834887953e-07 4.743090092363255598e-06
