# logA n_s Omega_k theta_s_1e2 omega_b omega_cdm tau_reio A_planck
1.562651969783553617e-04 4.252528135327867436e-06 2.317284281801614326e-07 1.908598612332438910e-07 2.080651682219427802e-07 -1.708510576824023577e-06 6.884546688510281300e-05 1.042327451922030502e-05
4.252528135327867436e-06 1.228633262307562551e-05 -2.596863302382534626e-06 2.715795196499006958e-07 1.959571090640709062e-07 -2.704330717407534262e-06 4.879024370560655654e-06 1.059569105644384166e-06
2.317284281801614326e-07 -2.596863302382534626e-06 2.665582734322952687e-06 -1.140112774743187436e-07 -8.635299279722304558e-08 1.297565962533810177e-06 -1.034174566604584637e-06 -2.690197415488160157e-07
1.908598612332438910e-07 2.715795196499006958e-07 -1.140112774743187304e-07 6.087637804612248256e-08 5.959881011863820780e-09 -8.157918600761497694e-08 1.459164230923702336e-07 2.421904056321976782e-08
2.080651682219427802e-07 1.959571090640709062e-07 -8.635299279722304558e-08 5.959881011863820780e-09 1.517460947037864720e-08 -7.770892725530589249e-08 1.426210109371916903e-07 3.190636753499714911e-08
-1.708510576824023577e-06 -2.704330717407534262e-06 1.297565962533810600e-06 -8.157918600761497694e-08 -7.770892725530589249e-08 1.215992975909487138e-06 -1.930354173438894642e-06 -3.632715466244829213e-07
6.884546688510281300e-05 4.879024370560655654e-06 -1.034174566604584637e-06 1.459164230923702336e-07 1.426210109371916903e-07 -1.930354173438894642e-06 3.580138712172063037e-05 1.025229372880151698e-06
1.042327451922030502e-05 1.059569105644384166e-06 -2.690197415488160157e-07 2.421904056321976782e-08 3.190636753499714911e-08 -3.632715466244829213e-07 1.025229372880151698e-06 4.776969468862340482e-06
