# logA n_s theta_s_1e2 omega_b omega_cdm tau_reio A_planck
1.695398188006580985e-04 1.365454778743005399e-06 -9.400585357581374958e-08 -6.832051115191930946e-08 1.869904871880419250e-06 7.205478699782115796e-05 8.583366894954166766e-06
1.365454778743005399e-06 3.296794228307993034e-05 8.489510665626150504e-07 7.749320898790208543e-07 -6.339026853856305945e-06 5.720361768677077182e-06 4.119573987159767691e-08
-9.400585357581374958e-08 8.489510665626150504e-07 2.276441275845632525e-07 3.564788481818164062e-08 -2.603359667960409203e-07 2.188985735459535441e-07 -2.080781045976639914e-08
-6.832051115191930946e-08 7.749320898790208543e-07 3.564788481818164062e-08 3.640669577908385346e-08 -2.060829071560346259e-07 1.132041827028979274e-07 1.620037424970216667e-10
1.869904871880419250e-06 -6.339026853856305945e-06 -2.603359667960409203e-07 -2.060829071560346259e-07 2.144136682510855539e-06 -1.325156533892950616e-06 2.382641804415049253e-08
7.205478699782115796e-05 5.720361768677077182e-06 2.188985735459535441e-07 1.132041827028979274e-07 -1.325156533892950616e-06 3.725892777877302573e-05 1.297430557336875380e-07
8.583366894954166766e-06 4.119573987159763721e-08 -2.080781045976642230e-08 1.620037424970188232e-10 2.382641804415049253e-08 1.297430557336875380e-07 4.492706632238423375e-06
