# logA n_s Omega_k theta_s_1e2 omega_b omega_cdm tau_reio A_planck
2.074774700000000117e-04 1.094829400000000011e-05 1.256016100000000087e-06 0.000000000000000000e+00 3.172899099999999954e-07 -2.702053600000000174e-06 9.617570499999999502e-05 1.035939500000000079e-05
1.094829400000000011e-05 1.963261900000000103e-05 -4.332801600000000133e-06 0.000000000000000000e+00 3.236905100000000058e-07 -4.387598099999999600e-06 1.090644300000000043e-05 4.366205199999999819e-07
1.256016100000000087e-06 -4.332801600000000133e-06 3.669959799999999878e-06 0.000000000000000000e+00 -1.318907400000000094e-07 1.882689999999999926e-06 -1.488654099999999976e-06 -4.743258399999999838e-08
0.000000000000000000e+00 0.000000000000000000e+00 0.000000000000000000e+00 4.000000000000000084e-08 0.000000000000000000e+00 0.000000000000000000e+00 0.000000000000000000e+00 0.000000000000000000e+00
3.172899099999999954e-07 3.236905100000000058e-07 -1.318907400000000094e-07 0.000000000000000000e+00 2.297736400000000143e-08 -1.227717699999999953e-07 2.502115699999999927e-07 1.246910700000000005e-08
-2.702053600000000174e-06 -4.387598099999999600e-06 1.882689999999999926e-06 0.000000000000000000e+00 -1.227717699999999953e-07 1.859139900000000018e-06 -3.269851199999999821e-06 -2.600323399999999979e-07
9.617570499999999502e-05 1.090644300000000043e-05 -1.488654099999999976e-06 0.000000000000000000e+00 2.502115699999999927e-07 -3.269851199999999821e-06 5.332926799999999689e-05 -7.936386500000000310e-07
1.035939500000000079e-05 4.366205199999999819e-07 -4.743258399999999838e-08 0.000000000000000000e+00 1.246910700000000005e-08 -2.600323399999999979e-07 -7.936386500000000310e-07 6.247064900000000023e-06
