# omega_b A_planck calib_100T calib_217T A_cib_217 xi_sz_cib A_sz ksz_norm gal545_A_100 gal545_A_143 gal545_A_143_217 gal545_A_217 ps_A_100_100 ps_A_143_143 ps_A_143_217 ps_A_217_217
1.107807505807684456e-08 -4.297476359514490319e-08 -8.593905833511566767e-10 9.676946314257054901e-11 -2.383199297306423610e-05 -1.175682166807926838e-06 2.468010550979485467e-05 -3.181666169554590542e-05 2.124776241708236509e-06 -5.071261510961405663e-06 -4.487317162325817581e-06 -6.478100228721310652e-06 -4.029263883913747910e-04 -1.856109028586788582e-04 -7.930077286697862990e-05 -5.258110952874760680e-05
-4.297476359514490319e-08 8.025000675989641791e-07 -7.450528585516061813e-08 2.026223128768991367e-08 1.232123463350814430e-03 -1.497280376497552755e-05 -1.801364156260852091e-04 7.768920836483501294e-04 1.837255057203727310e-04 3.439352072460397395e-04 2.778613469157548187e-04 1.408393051287041073e-05 4.692151449895667036e-03 6.190157560468244249e-04 -1.049442409834453957e-03 -2.015856876120445187e-03
-8.593905833511566767e-10 -7.450528585516061813e-08 3.750207950739615978e-07 -1.679140265861981648e-09 -2.537624802345470488e-04 6.203583893915358126e-06 1.386671681757533313e-04 -1.684717104556740616e-04 1.429908549157032373e-04 -2.009903418883065228e-04 -4.241687654584832417e-05 3.257885245456128428e-05 3.046993587205619643e-03 1.428555230971799656e-04 6.920099490504854917e-04 7.097205912670208599e-04
9.676946314257054901e-11 2.026223128768991367e-08 -1.679140265861981648e-09 3.958485971890708105e-07 5.064790667642481018e-04 -6.039715858833109093e-06 -3.052231946397954528e-05 5.860809307604826431e-05 1.898641744641828773e-05 -6.601147568014486600e-05 3.848762905982986045e-04 1.036603056777317747e-03 -3.469930049838616066e-04 -3.579133820903220828e-05 -5.534839960104577170e-04 -1.239523865406609408e-03
-2.383199297306423610e-05 1.232123463350814430e-03 -2.537624802345470488e-04 5.064790667642481018e-04 4.108098083175564597e+01 -3.717634465888423057e-01 -7.837518176612565668e-01 -6.269715441618161078e-01 6.640347246900264455e-01 4.615517733824763824e-01 -6.382532026738635622e+00 -3.242992081213867550e+01 2.573588679273290936e+01 -9.024477995998900215e-02 -1.449805022852154579e+01 -5.145119809558372737e+01
-1.175682166807926626e-06 -1.497280376497552755e-05 6.203583893915358126e-06 -6.039715858833109093e-06 -3.717634465888423057e-01 8.123074874497811237e-02 -8.011386033075183766e-02 1.087645226562676259e-01 -2.125556762359277069e-02 7.467849337523074088e-03 1.080830864313814255e-01 1.781677859078014403e-01 -7.451085150938406565e-02 9.262969767325299753e-01 1.442456086849998931e+00 4.923424703483083587e-01
2.468010550979485805e-05 -1.801364156260852091e-04 1.386671681757533313e-04 -3.052231946397953173e-05 -7.837518176612566778e-01 -8.011386033075183766e-02 4.124445624104205343e+00 -3.306214225673030249e+00 -2.280838979923125176e-01 2.420380591424516059e-01 3.026948020114387017e+00 4.057874310745145152e+00 -2.997727618979511988e+01 -1.987880630143868954e+00 8.821100903613373845e+00 6.061385215125799419e+00
-3.181666169554590542e-05 7.768920836483501294e-04 -1.684717104556740345e-04 5.860809307604826431e-05 -6.269715441618161078e-01 1.087645226562676121e-01 -3.306214225673030249e+00 6.999154374881345397e+00 2.077754577081682430e-01 -3.133737514852320549e-01 -2.614529694024932738e+00 -2.809421881801007714e+00 1.417533840074395002e+01 -7.469396811866070074e+00 -1.449813875799829788e+01 -1.107216257351864286e+01
2.124776241708236085e-06 1.837255057203727310e-04 1.429908549157032373e-04 1.898641744641828773e-05 6.640347246900264455e-01 -2.125556762359277069e-02 -2.280838979923125176e-01 2.077754577081682430e-01 3.582743756061470553e+00 6.396640360081485843e-01 2.783304243815631351e-01 8.709193879133679539e-02 -7.089447744846298249e+00 -8.388528414000708811e-01 -1.562028987378833333e+00 -1.561417220467665068e+00
-5.071261510961405663e-06 3.439352072460397395e-04 -2.009903418883065228e-04 -6.601147568014485245e-05 4.615517733824763269e-01 7.467849337523074088e-03 2.420380591424516059e-01 -3.133737514852320549e-01 6.396640360081485843e-01 3.154284286662360159e+00 2.827205012083750191e+00 3.014193717431459252e+00 3.852540902682183077e+00 -1.532766652762011406e+00 -6.704932301497262825e-01 -8.843345941270959187e-01
-4.487317162325820122e-06 2.778613469157548187e-04 -4.241687654584832417e-05 3.848762905982986045e-04 -6.382532026738635622e+00 1.080830864313814255e-01 3.026948020114387017e+00 -2.614529694024932738e+00 2.783304243815631351e-01 2.827205012083750191e+00 1.154094160138422431e+01 2.071056652419992616e+01 -1.774326186724588084e+01 3.826621460617521286e+00 6.384663737039750764e+00 6.801289058837166834e+00
-6.478100228721310652e-06 1.408393051287041073e-05 3.257885245456128428e-05 1.036603056777317747e-03 -3.242992081213867550e+01 1.781677859078014403e-01 4.057874310745145152e+00 -2.809421881801007270e+00 8.709193879133676763e-02 3.014193717431459252e+00 2.071056652419992616e+01 5.468238129464822350e+01 -3.164213929080155552e+01 5.281155508485747774e+00 1.226480347671400040e+01 3.333105781461967609e+01
-4.029263883913747910e-04 4.692151449895667036e-03 3.046993587205619643e-03 -3.469930049838616066e-04 2.573588679273290936e+01 -7.451085150938410728e-02 -2.997727618979511988e+01 1.417533840074395179e+01 -7.089447744846298249e+00 3.852540902682183077e+00 -1.774326186724588084e+01 -3.164213929080155552e+01 6.813453102264301151e+02 4.971548396210517495e+01 -5.117601468696238243e+01 -4.567571946801991345e+01
-1.856109028586788582e-04 6.190157560468244249e-04 1.428555230971799656e-04 -3.579133820903218117e-05 -9.024477995998900215e-02 9.262969767325299753e-01 -1.987880630143868954e+00 -7.469396811866070074e+00 -8.388528414000707700e-01 -1.532766652762011406e+00 3.826621460617521731e+00 5.281155508485747774e+00 4.971548396210518206e+01 5.971684391154096261e+01 4.356712968226489124e+01 2.015489834293293470e+01
-7.930077286697862990e-05 -1.049442409834453957e-03 6.920099490504854917e-04 -5.534839960104577170e-04 -1.449805022852154579e+01 1.442456086849999153e+00 8.821100903613373845e+00 -1.449813875799829788e+01 -1.562028987378833333e+00 -6.704932301497262825e-01 6.384663737039750764e+00 1.226480347671400040e+01 -5.117601468696238243e+01 4.356712968226489124e+01 8.586446815753676276e+01 5.791048271215534271e+01
-5.258110952874760680e-05 -2.015856876120445187e-03 7.097205912670208599e-04 -1.239523865406609408e-03 -5.145119809558372737e+01 4.923424703483083587e-01 6.061385215125799419e+00 -1.107216257351864286e+01 -1.561417220467665068e+00 -8.843345941270959187e-01 6.801289058837166834e+00 3.333105781461967609e+01 -4.567571946801992055e+01 2.015489834293293470e+01 5.791048271215534271e+01 1.032557314622177387e+02
