# logA n_s Omega_k theta_s_1e2 omega_b omega_cdm tau_reio A_planck calib_100T calib_217T A_cib_217 xi_sz_cib A_sz ksz_norm gal545_A_100 gal545_A_143 gal545_A_143_217 gal545_A_217 ps_A_100_100 ps_A_143_143 ps_A_143_217 ps_A_217_217 galf_TE_A_100 galf_TE_A_100_143 galf_TE_A_100_217 galf_TE_A_143 galf_TE_A_143_217 galf_TE_A_217
2.532196299999999790e-04 7.980572499999999221e-06 0.000000000000000000e+00 0.000000000000000000e+00 3.443437200000000195e-07 -1.668118799999999972e-06 1.155787599999999959e-04 1.117911099999999950e-05 9.566757399999999665e-08 -1.853359499999999901e-07 -6.069472299999999904e-03 1.904925900000000057e-04 5.065715899999999588e-04 -2.880170899999999912e-03 -7.274741399999999636e-04 -1.625811399999999929e-03 -2.060291200000000187e-03 1.526288300000000096e-03 -1.716381100000000104e-02 -5.034152800000000344e-03 4.316241400000000311e-03 1.127362999999999976e-02 1.586407999999999974e-06 -8.976786200000000095e-06 -1.531442700000000082e-05 -1.536275700000000040e-05 -2.199804600000000097e-05 -8.605202500000000388e-05
7.980572499999999221e-06 1.908257799999999902e-05 0.000000000000000000e+00 0.000000000000000000e+00 2.954154100000000069e-07 -4.355854399999999845e-06 9.412983699999999233e-06 5.415550599999999606e-07 -1.116454099999999965e-07 -8.277505699999999341e-08 -4.153193700000000141e-03 7.668040100000000133e-05 7.879049300000000484e-04 -1.986771200000000091e-03 2.260078899999999873e-04 -1.791980799999999931e-04 -4.638818899999999938e-04 8.833890799999999464e-04 -2.206068099999999865e-02 -7.635765899999999960e-03 -6.803747000000000505e-05 3.780982500000000177e-03 -1.767649999999999923e-06 -1.701008199999999992e-06 4.571673399999999854e-06 -6.250402900000000261e-06 -7.064174400000000369e-06 -1.542273900000000060e-05
0.000000000000000000e+00 0.000000000000000000e+00 9.999999999999999547e-07 0.000000000000000000e+00 0.000000000000000000e+00 0.000000000000000000e+00 0.000000000000000000e+00 0.000000000000000000e+00 0.000000000000000000e+00 0.000000000000000000e+00 0.000000000000000000e+00 0.000000000000000000e+00 0.000000000000000000e+00 0.000000000000000000e+00 0.000000000000000000e+00 0.000000000000000000e+00 0.000000000000000000e+00 0.000000000000000000e+00 0.000000000000000000e+00 0.000000000000000000e+00 0.000000000000000000e+00 0.000000000000000000e+00 0.000000000000000000e+00 0.000000000000000000e+00 0.000000000000000000e+00 0.000000000000000000e+00 0.000000000000000000e+00 0.000000000000000000e+00
0.000000000000000000e+00 0.000000000000000000e+00 0.000000000000000000e+00 4.000000000000000084e-08 0.000000000000000000e+00 0.000000000000000000e+00 0.000000000000000000e+00 0.000000000000000000e+00 0.000000000000000000e+00 0.000000000000000000e+00 0.000000000000000000e+00 0.000000000000000000e+00 0.000000000000000000e+00 0.000000000000000000e+00 0.000000000000000000e+00 0.000000000000000000e+00 0.000000000000000000e+00 0.000000000000000000e+00 0.000000000000000000e+00 0.000000000000000000e+00 0.000000000000000000e+00 0.000000000000000000e+00 0.000000000000000000e+00 0.000000000000000000e+00 0.000000000000000000e+00 0.000000000000000000e+00 0.000000000000000000e+00 0.000000000000000000e+00
3.443437200000000195e-07 2.954154100000000069e-07 0.000000000000000000e+00 0.000000000000000000e+00 2.213998700000000088e-08 -1.178670299999999956e-07 2.580671500000000187e-07 1.535076400000000049e-08 2.789692899999999797e-09 -1.414310600000000036e-09 -7.675023399999999542e-05 1.035506899999999911e-06 1.404504499999999997e-05 -2.398971099999999844e-05 -1.178620699999999947e-06 -3.431338300000000100e-06 -8.606546300000000340e-06 1.486807199999999923e-05 -3.195339099999999874e-04 -2.400573299999999915e-04 -1.197372900000000023e-04 -3.419136099999999927e-05 -9.959627699999999956e-08 3.045038099999999707e-08 -2.071721799999999884e-07 -2.112733900000000006e-07 -6.181899200000000328e-07 -2.194455100000000090e-06
-1.668118799999999972e-06 -4.355854399999999845e-06 0.000000000000000000e+00 0.000000000000000000e+00 -1.178670299999999956e-07 1.866492099999999974e-06 -2.963790299999999863e-06 -1.370488200000000073e-07 -3.040379700000000111e-09 9.926471200000000330e-09 1.722511600000000125e-04 5.364511699999999720e-07 -7.784063300000000510e-05 3.192262800000000156e-05 -2.254261600000000040e-05 -5.568739299999999899e-05 -4.566082499999999663e-05 -1.024888700000000052e-04 1.221290500000000046e-03 1.266808300000000012e-03 8.313529999999999531e-04 5.494966500000000170e-04 7.269046600000000469e-07 -3.319462699999999735e-07 2.090717899999999870e-07 1.360252499999999984e-06 3.822263699999999845e-06 1.136747399999999971e-05
1.155787599999999959e-04 9.412983699999999233e-06 0.000000000000000000e+00 0.000000000000000000e+00 2.580671500000000187e-07 -2.963790299999999863e-06 6.200847600000000204e-05 -6.704950300000000522e-07 -1.438257400000000034e-08 -8.244713199999999942e-08 -2.992458700000000162e-03 7.036771299999999602e-05 2.764266899999999797e-04 -9.305756299999999766e-04 -1.859713900000000125e-04 -3.858055700000000230e-04 -5.996457000000000176e-04 2.496145100000000212e-04 -1.003315800000000035e-02 -4.373839899999999899e-03 -2.238406900000000058e-04 1.785010999999999976e-03 -1.099703599999999964e-06 -4.103281099999999795e-06 -9.049786299999999166e-06 -7.032646200000000104e-06 -1.382248499999999917e-05 -5.877527600000000054e-05
1.117911099999999950e-05 5.415550599999999606e-07 0.000000000000000000e+00 0.000000000000000000e+00 1.535076400000000049e-08 -1.370488200000000073e-07 -6.704950300000000522e-07 6.336944199999999663e-06 -1.351646800000000035e-08 -1.640153199999999994e-08 6.185021700000000204e-04 3.639084199999999882e-06 3.569789599999999822e-05 -1.380626700000000000e-04 5.493294600000000306e-06 -5.138735400000000287e-05 -1.434301600000000118e-04 5.916821599999999614e-04 2.396909400000000155e-03 3.579917800000000224e-04 5.398542799999999503e-04 1.571081599999999984e-03 8.027286200000000122e-07 -3.176732400000000121e-07 2.166128699999999819e-06 -2.794290900000000104e-06 -1.342615100000000001e-06 6.613772200000000055e-06
9.566757399999999665e-08 -1.116454099999999965e-07 0.000000000000000000e+00 0.000000000000000000e+00 2.789692899999999797e-09 -3.040379700000000111e-09 -1.438257400000000034e-08 -1.351646800000000035e-08 3.791399600000000060e-07 -1.315236000000000068e-09 -2.109417900000000131e-04 5.496745800000000365e-06 1.250362500000000042e-04 -8.397913999999999976e-05 1.776857399999999879e-04 -1.671522500000000055e-04 1.095233999999999956e-05 1.041432099999999966e-04 3.711415300000000129e-03 9.015450900000000355e-05 4.976532500000000045e-04 4.974031000000000285e-04 -1.029716600000000013e-07 -1.514289000000000068e-07 -8.397253500000000357e-07 -5.712288700000000174e-08 -1.582732200000000078e-07 -7.150707299999999581e-07
-1.853359499999999901e-07 -8.277505699999999341e-08 0.000000000000000000e+00 0.000000000000000000e+00 -1.414310600000000036e-09 9.926471200000000330e-09 -8.244713199999999942e-08 -1.640153199999999994e-08 -1.315236000000000068e-09 3.854871099999999915e-07 6.696641299999999590e-04 -2.966527900000000087e-07 -5.635411299999999859e-05 2.123413800000000117e-05 -1.366728000000000071e-05 -3.943116100000000287e-05 4.085840399999999791e-04 9.542097600000000240e-04 6.301096899999999610e-04 1.130742800000000012e-04 -3.963624999999999917e-04 -1.313570200000000084e-03 -1.657147600000000015e-07 1.449896599999999875e-07 -1.349619600000000016e-07 4.970454400000000492e-07 -3.630706500000000100e-07 -3.240739000000000178e-06
-6.069472299999999904e-03 -4.153193700000000141e-03 0.000000000000000000e+00 0.000000000000000000e+00 -7.675023399999999542e-05 1.722511600000000125e-04 -2.992458700000000162e-03 6.185021700000000204e-04 -2.109417900000000131e-04 6.696641299999999590e-04 4.386985099999999704e+01 -3.722761700000000173e-01 -6.653638899999999579e-01 -2.410546199999999972e-01 8.038961599999999708e-02 5.295480900000000268e-01 -5.885872499999999619e+00 -3.315578399999999704e+01 3.461572199999999810e+01 1.894674100000000028e+00 -1.222312600000000060e+01 -5.396507900000000291e+01 -2.514585499999999908e-03 1.645659899999999927e-03 2.946408399999999889e-03 4.631801100000000095e-03 -4.563236800000000301e-03 6.024550000000000044e-03
1.904925900000000057e-04 7.668040100000000133e-05 0.000000000000000000e+00 0.000000000000000000e+00 1.035506899999999911e-06 5.364511699999999720e-07 7.036771299999999602e-05 3.639084199999999882e-06 5.496745800000000365e-06 -2.966527900000000087e-07 -3.722761700000000173e-01 8.316370500000000443e-02 -3.877412599999999904e-02 4.402376399999999995e-02 -4.050801700000000380e-03 1.067006099999999978e-02 1.256703399999999915e-01 1.570086400000000049e-01 -5.768539499999999487e-01 9.719170299999999596e-01 1.765905099999999894e+00 6.285973200000000150e-01 -3.119975099999999828e-05 5.583764400000000257e-05 -6.408237699999999864e-05 4.913070599999999676e-05 6.500757200000000257e-06 -1.291710699999999972e-03
5.065715899999999588e-04 7.879049300000000484e-04 0.000000000000000000e+00 0.000000000000000000e+00 1.404504499999999997e-05 -7.784063300000000510e-05 2.764266899999999797e-04 3.569789599999999822e-05 1.250362500000000042e-04 -5.635411299999999859e-05 -6.653638899999999579e-01 -3.877412599999999904e-02 3.783606699999999989e+00 -2.661137800000000109e+00 -1.935326800000000125e-01 2.037632299999999896e-01 2.631832699999999914e+00 3.134502499999999969e+00 -2.939160599999999945e+01 -3.215215199999999829e+00 7.414952800000000011e+00 5.046390800000000176e+00 1.431440100000000112e-04 -4.913026200000000093e-04 6.266019399999999979e-04 -3.361281099999999852e-04 8.131380699999999706e-04 2.114072099999999860e-03
-2.880170899999999912e-03 -1.986771200000000091e-03 0.000000000000000000e+00 0.000000000000000000e+00 -2.398971099999999844e-05 3.192262800000000156e-05 -9.305756299999999766e-04 -1.380626700000000000e-04 -8.397913999999999976e-05 2.123413800000000117e-05 -2.410546199999999972e-01 4.402376399999999995e-02 -2.661137800000000109e+00 5.849127900000000047e+00 1.355593599999999899e-01 -2.264836899999999875e-01 -1.994609000000000076e+00 -2.131246700000000160e+00 1.261665400000000048e+01 -5.067060599999999582e+00 -1.168731099999999934e+01 -9.215906199999999160e+00 -9.016162500000000262e-04 6.592708000000000509e-04 -2.835838700000000052e-03 6.684584199999999777e-04 -1.036361400000000103e-03 1.690234600000000028e-04
-7.274741399999999636e-04 2.260078899999999873e-04 0.000000000000000000e+00 0.000000000000000000e+00 -1.178620699999999947e-06 -2.254261600000000040e-05 -1.859713900000000125e-04 5.493294600000000306e-06 1.776857399999999879e-04 -1.366728000000000071e-05 8.038961599999999708e-02 -4.050801700000000380e-03 -1.935326800000000125e-01 1.355593599999999899e-01 3.323865099999999906e+00 5.925279900000000044e-01 2.428595199999999954e-01 2.522804200000000052e-01 -5.955694399999999611e+00 -3.865047600000000028e-01 -7.822325399999999762e-01 -5.186771399999999810e-01 -1.410186199999999865e-04 2.172801399999999895e-04 1.446490099999999963e-03 -1.394532900000000067e-03 4.192829599999999874e-05 2.164215299999999818e-03
-1.625811399999999929e-03 -1.791980799999999931e-04 0.000000000000000000e+00 0.000000000000000000e+00 -3.431338300000000100e-06 -5.568739299999999899e-05 -3.858055700000000230e-04 -5.138735400000000287e-05 -1.671522500000000055e-04 -3.943116100000000287e-05 5.295480900000000268e-01 1.067006099999999978e-02 2.037632299999999896e-01 -2.264836899999999875e-01 5.925279900000000044e-01 3.165333700000000139e+00 2.770231499999999958e+00 2.821066800000000097e+00 5.596657999999999689e+00 -1.336312799999999967e+00 -5.940165400000000373e-01 -1.237127599999999994e+00 6.342980300000000335e-04 2.541219600000000148e-04 9.764693200000000139e-04 -6.072543700000000363e-04 -3.042399599999999981e-04 2.001001000000000082e-03
-2.060291200000000187e-03 -4.638818899999999938e-04 0.000000000000000000e+00 0.000000000000000000e+00 -8.606546300000000340e-06 -4.566082499999999663e-05 -5.996457000000000176e-04 -1.434301600000000118e-04 1.095233999999999956e-05 4.085840399999999791e-04 -5.885872499999999619e+00 1.256703399999999915e-01 2.631832699999999914e+00 -1.994609000000000076e+00 2.428595199999999954e-01 2.770231499999999958e+00 1.090161400000000036e+01 1.951151700000000133e+01 -1.206128099999999925e+01 3.287790999999999908e+00 4.990187099999999987e+00 5.237421399999999672e+00 1.333564699999999995e-03 9.701369599999999822e-04 -6.284714499999999576e-04 -2.012629100000000080e-04 -5.347309099999999669e-05 5.841506499999999736e-04
1.526288300000000096e-03 8.833890799999999464e-04 0.000000000000000000e+00 0.000000000000000000e+00 1.486807199999999923e-05 -1.024888700000000052e-04 2.496145100000000212e-04 5.916821599999999614e-04 1.041432099999999966e-04 9.542097600000000240e-04 -3.315578399999999704e+01 1.570086400000000049e-01 3.134502499999999969e+00 -2.131246700000000160e+00 2.522804200000000052e-01 2.821066800000000097e+00 1.951151700000000133e+01 5.394970200000000204e+01 -2.336980300000000099e+01 3.849646499999999971e+00 7.570946900000000035e+00 3.255832900000000052e+01 3.731080999999999807e-03 8.111395600000000398e-04 -2.516820199999999976e-03 -2.602261399999999947e-03 -2.364053399999999940e-04 8.696177299999999482e-04
-1.716381100000000104e-02 -2.206068099999999865e-02 0.000000000000000000e+00 0.000000000000000000e+00 -3.195339099999999874e-04 1.221290500000000046e-03 -1.003315800000000035e-02 2.396909400000000155e-03 3.711415300000000129e-03 6.301096899999999610e-04 3.461572199999999810e+01 -5.768539499999999487e-01 -2.939160599999999945e+01 1.261665400000000048e+01 -5.955694399999999611e+00 5.596657999999999689e+00 -1.206128099999999925e+01 -2.336980300000000099e+01 7.705049000000000206e+02 6.968407500000000709e+01 -5.091659500000000094e+01 -5.724798499999999990e+01 5.099041499999999857e-04 1.509636599999999952e-03 -8.025249700000000597e-03 3.082796999999999968e-03 -3.551361600000000045e-03 3.534238700000000288e-02
-5.034152800000000344e-03 -7.635765899999999960e-03 0.000000000000000000e+00 0.000000000000000000e+00 -2.400573299999999915e-04 1.266808300000000012e-03 -4.373839899999999899e-03 3.579917800000000224e-04 9.015450900000000355e-05 1.130742800000000012e-04 1.894674100000000028e+00 9.719170299999999596e-01 -3.215215199999999829e+00 -5.067060599999999582e+00 -3.865047600000000028e-01 -1.336312799999999967e+00 3.287790999999999908e+00 3.849646499999999971e+00 6.968407500000000709e+01 6.254033499999999890e+01 4.238574899999999701e+01 1.549200899999999947e+01 2.810193099999999927e-03 3.194811100000000126e-03 4.324776899999999667e-03 4.054414400000000245e-03 3.548086599999999871e-04 -2.104597899999999938e-02
4.316241400000000311e-03 -6.803747000000000505e-05 0.000000000000000000e+00 0.000000000000000000e+00 -1.197372900000000023e-04 8.313529999999999531e-04 -2.238406900000000058e-04 5.398542799999999503e-04 4.976532500000000045e-04 -3.963624999999999917e-04 -1.222312600000000060e+01 1.765905099999999894e+00 7.414952800000000011e+00 -1.168731099999999934e+01 -7.822325399999999762e-01 -5.940165400000000373e-01 4.990187099999999987e+00 7.570946900000000035e+00 -5.091659500000000094e+01 4.238574899999999701e+01 8.699956500000000403e+01 5.258686900000000009e+01 1.812911800000000006e-03 -2.878074200000000065e-04 8.207755900000000479e-03 2.722921399999999811e-03 6.900092600000000236e-03 -1.727624200000000068e-02
1.127362999999999976e-02 3.780982500000000177e-03 0.000000000000000000e+00 0.000000000000000000e+00 -3.419136099999999927e-05 5.494966500000000170e-04 1.785010999999999976e-03 1.571081599999999984e-03 4.974031000000000285e-04 -1.313570200000000084e-03 -5.396507900000000291e+01 6.285973200000000150e-01 5.046390800000000176e+00 -9.215906199999999160e+00 -5.186771399999999810e-01 -1.237127599999999994e+00 5.237421399999999672e+00 3.255832900000000052e+01 -5.724798499999999990e+01 1.549200899999999947e+01 5.258686900000000009e+01 1.027256399999999985e+02 5.320606700000000099e-03 -3.412428199999999971e-03 8.598882200000000468e-04 -4.482393299999999983e-03 1.485723599999999936e-02 -4.038194499999999895e-03
1.586407999999999974e-06 -1.767649999999999923e-06 0.000000000000000000e+00 0.000000000000000000e+00 -9.959627699999999956e-08 7.269046600000000469e-07 -1.099703599999999964e-06 8.027286200000000122e-07 -1.029716600000000013e-07 -1.657147600000000015e-07 -2.514585499999999908e-03 -3.119975099999999828e-05 1.431440100000000112e-04 -9.016162500000000262e-04 -1.410186199999999865e-04 6.342980300000000335e-04 1.333564699999999995e-03 3.731080999999999807e-03 5.099041499999999857e-04 2.810193099999999927e-03 1.812911800000000006e-03 5.320606700000000099e-03 1.476986100000000045e-03 2.764408399999999802e-04 1.321167500000000052e-04 -3.383084499999999915e-04 -8.597453900000000162e-05 -3.956978899999999839e-05
-8.976786200000000095e-06 -1.701008199999999992e-06 0.000000000000000000e+00 0.000000000000000000e+00 3.045038099999999707e-08 -3.319462699999999735e-07 -4.103281099999999795e-06 -3.176732400000000121e-07 -1.514289000000000068e-07 1.449896599999999875e-07 1.645659899999999927e-03 5.583764400000000257e-05 -4.913026200000000093e-04 6.592708000000000509e-04 2.172801399999999895e-04 2.541219600000000148e-04 9.701369599999999822e-04 8.111395600000000398e-04 1.509636599999999952e-03 3.194811100000000126e-03 -2.878074200000000065e-04 -3.412428199999999971e-03 2.764408399999999802e-04 8.713018300000000427e-04 5.024845399999999926e-05 7.489852300000000287e-04 6.878344399999999643e-05 -6.938549600000000006e-04
-1.531442700000000082e-05 4.571673399999999854e-06 0.000000000000000000e+00 0.000000000000000000e+00 -2.071721799999999884e-07 2.090717899999999870e-07 -9.049786299999999166e-06 2.166128699999999819e-06 -8.397253500000000357e-07 -1.349619600000000016e-07 2.946408399999999889e-03 -6.408237699999999864e-05 6.266019399999999979e-04 -2.835838700000000052e-03 1.446490099999999963e-03 9.764693200000000139e-04 -6.284714499999999576e-04 -2.516820199999999976e-03 -8.025249700000000597e-03 4.324776899999999667e-03 8.207755900000000479e-03 8.598882200000000468e-04 1.321167500000000052e-04 5.024845399999999926e-05 7.243155599999999590e-03 -2.631526600000000230e-04 7.214633200000000095e-04 4.772872899999999925e-03
-1.536275700000000040e-05 -6.250402900000000261e-06 0.000000000000000000e+00 0.000000000000000000e+00 -2.112733900000000006e-07 1.360252499999999984e-06 -7.032646200000000104e-06 -2.794290900000000104e-06 -5.712288700000000174e-08 4.970454400000000492e-07 4.631801100000000095e-03 4.913070599999999676e-05 -3.361281099999999852e-04 6.684584199999999777e-04 -1.394532900000000067e-03 -6.072543700000000363e-04 -2.012629100000000080e-04 -2.602261399999999947e-03 3.082796999999999968e-03 4.054414400000000245e-03 2.722921399999999811e-03 -4.482393299999999983e-03 -3.383084499999999915e-04 7.489852300000000287e-04 -2.631526600000000230e-04 2.837891500000000108e-03 5.513745999999999708e-04 -9.847936899999999282e-04
-2.199804600000000097e-05 -7.064174400000000369e-06 0.000000000000000000e+00 0.000000000000000000e+00 -6.181899200000000328e-07 3.822263699999999845e-06 -1.382248499999999917e-05 -1.342615100000000001e-06 -1.582732200000000078e-07 -3.630706500000000100e-07 -4.563236800000000301e-03 6.500757200000000257e-06 8.131380699999999706e-04 -1.036361400000000103e-03 4.192829599999999874e-05 -3.042399599999999981e-04 -5.347309099999999669e-05 -2.364053399999999940e-04 -3.551361600000000045e-03 3.548086599999999871e-04 6.900092600000000236e-03 1.485723599999999936e-02 -8.597453900000000162e-05 6.878344399999999643e-05 7.214633200000000095e-04 5.513745999999999708e-04 6.444633299999999627e-03 7.854182600000000555e-03
-8.605202500000000388e-05 -1.542273900000000060e-05 0.000000000000000000e+00 0.000000000000000000e+00 -2.194455100000000090e-06 1.136747399999999971e-05 -5.877527600000000054e-05 6.613772200000000055e-06 -7.150707299999999581e-07 -3.240739000000000178e-06 6.024550000000000044e-03 -1.291710699999999972e-03 2.114072099999999860e-03 1.690234600000000028e-04 2.164215299999999818e-03 2.001001000000000082e-03 5.841506499999999736e-04 8.696177299999999482e-04 3.534238700000000288e-02 -2.104597899999999938e-02 -1.727624200000000068e-02 -4.038194499999999895e-03 -3.956978899999999839e-05 -6.938549600000000006e-04 4.772872899999999925e-03 -9.847936899999999282e-04 7.854182600000000555e-03 7.198780600000000141e-02
