# logA n_s Omega_k theta_s_1e2 omega_b omega_cdm tau_reio A_planck calib_100T calib_217T A_cib_217 xi_sz_cib A_sz ksz_norm gal545_A_100 gal545_A_143 gal545_A_143_217 gal545_A_217 ps_A_100_100 ps_A_143_143 ps_A_143_217 ps_A_217_217 galf_TE_A_100 galf_TE_A_100_143 galf_TE_A_100_217 galf_TE_A_143 galf_TE_A_143_217 galf_TE_A_217
2.789094757283451542e-04 -3.259893032875871921e-06 5.608630547142046162e-05 -9.538906092760088550e-09 -2.938478324268403678e-09 1.939838623218273686e-06 1.237610800572352108e-04 1.234228146884104748e-05 1.060220336585250455e-07 -2.248954735615567167e-08 -9.537435751645559085e-04 7.189029928556694201e-05 9.710716418845220972e-04 -2.954596276794069741e-03 -5.749615831743164814e-04 -8.649782095218628295e-04 -6.283318704248628140e-04 1.208543803876433159e-03 1.690228662535198144e-03 3.448160621767943149e-03 9.090239738386548043e-03 1.099882897291402754e-02 5.140597074793301135e-06 -1.402153225752406600e-05 -1.262667683074062081e-05 -2.645161538365111225e-05 2.458052192033992900e-05 1.024030079113969491e-04
-3.259893032875871921e-06 2.019629133878142580e-05 -1.330509082785730213e-05 3.816940631194132160e-07 3.720708698671805241e-07 -4.890702847365326459e-06 4.930903128375398226e-06 -2.510370474024332263e-07 -5.605555297339517383e-08 -7.026597511577867434e-08 -4.701112639359337521e-03 1.032306541806073618e-04 1.026727334985626759e-03 -2.078399157684773530e-03 3.683663457929171035e-04 -2.870512474565701817e-04 -3.563975671158677179e-04 1.306640142624162235e-03 -2.532160828652929921e-02 -8.335752061351130865e-03 2.685163246578865684e-04 3.453482199240140785e-03 -2.675184378087971680e-06 -4.475727560911447480e-06 -7.009168035827846740e-06 -8.465594824544115079e-06 -1.043762323088737756e-05 -4.096405869115157811e-05
5.608630547142046162e-05 -1.330509082785730213e-05 4.016974628262934304e-05 -3.750335519052484175e-07 -4.120674897431084172e-07 5.101946252824312008e-06 1.935346794891804444e-05 2.612106220650661125e-06 1.013165880554465758e-08 -2.433743071223070743e-10 1.414325930404147086e-03 1.204166800917692204e-05 -3.062286425586724717e-04 6.322482507966758212e-05 -6.466796594000186302e-05 -2.054383916951285692e-04 -9.505978040514091319e-05 -3.165549351784683338e-04 7.623557244334430716e-03 6.743072421988789526e-03 4.724965573800387654e-03 3.273426476002973869e-03 4.887421695317494657e-06 -1.304998896371115433e-06 4.838370462578201546e-06 2.752031661748652662e-06 1.611529614424312481e-05 9.342792268571510292e-05
-9.538906092760088550e-09 3.816940631194132160e-07 -3.750335519052484175e-07 8.269282024093450530e-08 1.216085674279049264e-08 -1.163459770838109299e-07 1.243183914026331451e-07 -2.170208411897872945e-08 5.912861815067492675e-10 -3.131506925543192475e-09 -3.355885004168266555e-05 7.968511183674042177e-07 1.096788529257721871e-06 5.111674314161266084e-06 7.905361665154294576e-06 5.895884769904569221e-06 -5.485921240881872507e-06 5.461341281320114768e-06 -6.523551478127123443e-05 -5.437328143914973180e-05 -2.701564790958504417e-05 -1.276451240994081130e-05 -9.782138350520038632e-08 -5.134035003026798870e-08 -1.290126776776447128e-07 -2.233949409841709864e-07 -5.560050977664541894e-07 -2.838314110254164242e-06
-2.938478324268403678e-09 3.720708698671805241e-07 -4.120674897431084172e-07 1.216085674279049264e-08 2.443797808279213011e-08 -1.415079840895914628e-07 1.314068818070121742e-07 -7.836602682341866140e-09 4.939050638385311367e-09 -1.205717374802198616e-09 -9.949925727004156454e-05 2.375183463155895970e-06 1.863334608130373050e-05 -3.022150708162301644e-05 3.449997648373893837e-06 -4.436427771132417974e-06 -1.066404421955498222e-05 1.482089721640330702e-05 -3.670105853266740362e-04 -2.661767485014587516e-04 -9.272841365528751076e-05 -1.896650974986501049e-05 2.336211307141103728e-09 -1.043142872945692061e-07 -4.352141580969665709e-07 -4.164695789356315091e-07 -7.489051632477742140e-07 -3.041202152061104076e-06
1.939838623218273686e-06 -4.890702847365326459e-06 5.101946252824312008e-06 -1.163459770838109299e-07 -1.415079840895914628e-07 1.981663849521056193e-06 -1.394938012933431801e-06 5.189245944550551160e-08 -2.584725464539841316e-08 4.896440042756912199e-09 4.885031831594291874e-04 -3.231215543428942385e-06 -1.203070248700734878e-04 1.153500374856883122e-04 -4.317229105033861447e-05 -4.156545575669967250e-06 2.640440809067969090e-05 -1.530726599434064283e-04 2.202302997125484343e-03 1.720569911955393064e-03 8.621894415406251020e-04 4.071822798923776859e-04 4.429727860906081302e-08 1.142450798738622788e-06 2.371615634554619434e-06 3.389646769607313995e-06 2.643950609501467109e-06 1.403393444462365301e-05
1.237610800572352108e-04 4.930903128375398226e-06 1.935346794891804444e-05 1.243183914026331451e-07 1.314068818070121742e-07 -1.394938012933431801e-06 6.352009133625850443e-05 2.615258233945470222e-07 -3.129079624388532786e-09 -1.457424457280048883e-08 -1.042636980424033188e-03 7.503624124037440853e-06 5.873314194696489755e-04 -1.172244529842567410e-03 -8.860784667483152788e-07 -8.437331259743713905e-05 -1.262301991086832789e-04 6.577606447896004196e-05 -3.150719460373185496e-03 -1.394842742279264400e-03 1.541522255598792813e-03 2.173915969251591536e-03 1.410349815215598780e-07 -6.362044914267279879e-06 -1.077508946336065389e-05 -1.401502515752553159e-05 9.021503259043705213e-06 1.356350441030278245e-05
1.234228146884104748e-05 -2.510370474024332263e-07 2.612106220650661125e-06 -2.170208411897872945e-08 -7.836602682341866140e-09 5.189245944550551160e-08 2.615258233945469693e-07 5.827702655167583895e-06 -4.998207746150059434e-09 -4.929515710577249924e-09 9.062508569071419696e-04 9.947184968817436690e-06 3.695418198054441564e-05 -3.493817380735590787e-05 -1.068361944576424848e-04 -3.718822406158397406e-05 2.309969302118491331e-05 6.635703393668931395e-04 3.584189796969425561e-03 1.243143934161290362e-03 1.213476049679165086e-03 1.271018272022717997e-03 1.456185027183224587e-06 -2.204815257340877206e-06 1.525074715191600641e-06 -2.821722882136987055e-06 1.386802594173388164e-06 2.333301753364498511e-05
1.060220336585250455e-07 -5.605555297339517383e-08 1.013165880554465758e-08 5.912861815067492675e-10 4.939050638385311367e-09 -2.584725464539841316e-08 -3.129079624388534854e-09 -4.998207746150059434e-09 3.797324771730486310e-07 -1.630933240713011729e-09 -2.494062216049289910e-04 3.779225930822591811e-06 8.557027187710352181e-05 -4.157524507153109662e-05 1.669024723771091038e-04 -1.985953072308124648e-04 -8.632795023586866786e-06 1.535968688969780067e-04 3.680145946775880902e-03 8.218962357317975459e-05 2.937487387904797820e-04 3.791326505096918095e-04 3.358411813735243418e-07 -2.874174787804546477e-07 2.309330134140901763e-07 -6.264306183210722295e-07 2.421527071741532103e-07 2.244294769543386276e-06
-2.248954735615567167e-08 -7.026597511577867434e-08 -2.433743071222914096e-10 -3.131506925543192475e-09 -1.205717374802198616e-09 4.896440042756912199e-09 -1.457424457280048552e-08 -4.929515710577249924e-09 -1.630933240713011729e-09 3.856273255512326610e-07 6.646335397000248824e-04 -9.366401415349403592e-07 -4.798159325387746751e-05 -5.765000052514290079e-06 -6.199230334132585225e-06 -5.562461462381150285e-05 4.378913953439834473e-04 9.665893253433114393e-04 5.893140516221585497e-04 2.124535287023620895e-04 -3.669130533657613156e-04 -1.246089261259878669e-03 -4.975979402464442102e-08 1.374020580424070490e-07 5.478536851745649132e-07 4.630001527473960635e-07 -2.097836031031097966e-06 -5.689065152792316410e-06
-9.537435751645559085e-04 -4.701112639359337521e-03 1.414325930404147086e-03 -3.355885004168266555e-05 -9.949925727004156454e-05 4.885031831594291874e-04 -1.042636980424033188e-03 9.062508569071419696e-04 -2.494062216049289910e-04 6.646335397000248824e-04 4.375976519538881604e+01 -3.293624832764520671e-01 -1.206678435764160895e+00 1.230354783263904878e-01 2.207353746632465807e-01 6.406206662362192716e-01 -5.818771313341001061e+00 -3.322322451393861087e+01 3.702337571592912724e+01 3.332350958756539860e+00 -1.189282349723007748e+01 -5.408447568835284613e+01 -9.959225772009263743e-04 1.457543200236997285e-03 7.742612394202103530e-03 6.460967226422874125e-03 -3.342851796332099203e-03 -2.247138996679350423e-02
7.189029928556692846e-05 1.032306541806073618e-04 1.204166800917691696e-05 7.968511183674040059e-07 2.375183463155895970e-06 -3.231215543428944079e-06 7.503624124037449323e-06 9.947184968817436690e-06 3.779225930822591811e-06 -9.366401415349403592e-07 -3.293624832764521781e-01 7.815956370778398554e-02 -3.486782551744990050e-02 3.427912093111089298e-02 -1.383205106403249778e-02 1.060958429564780748e-03 8.673658553960716944e-02 9.733118473880081334e-02 -6.728628549664887881e-01 8.782115289668379621e-01 1.649512220373035243e+00 5.578052639445717498e-01 9.922604564916263361e-05 8.258799248862733471e-05 -1.819601627218926545e-04 -4.962854233857275825e-04 -1.012332746729912452e-04 -1.500428429174077455e-04
9.710716418845223141e-04 1.026727334985626759e-03 -3.062286425586724717e-04 1.096788529257722718e-06 1.863334608130373727e-05 -1.203070248700734607e-04 5.873314194696490839e-04 3.695418198054440886e-05 8.557027187710352181e-05 -4.798159325387746751e-05 -1.206678435764160895e+00 -3.486782551744990050e-02 3.914521531800297716e+00 -2.644387453385457221e+00 -2.327731320672259130e-01 1.499064688231908082e-01 2.692715581832275884e+00 3.510231978425226274e+00 -3.131394512646995665e+01 -3.538391297280972569e+00 7.912445075915981008e+00 5.798046607860499968e+00 7.093970684194816532e-05 1.509792489570054887e-04 3.589702508408837336e-03 1.341534098217445753e-04 -2.100723469078831420e-03 -2.755656200952685039e-04
-2.954596276794069741e-03 -2.078399157684773530e-03 6.322482507966756856e-05 5.111674314161266084e-06 -3.022150708162301644e-05 1.153500374856883122e-04 -1.172244529842566977e-03 -3.493817380735589432e-05 -4.157524507153109662e-05 -5.765000052514283303e-06 1.230354783263904322e-01 3.427912093111089298e-02 -2.644387453385457665e+00 5.691820701824586770e+00 1.614642989300006382e-01 -1.069175944789338556e-01 -2.011602106855073568e+00 -2.414504994507683300e+00 1.344745896681290809e+01 -5.100806913037911450e+00 -1.202036938139454136e+01 -9.598843381007705844e+00 7.871392859458714326e-04 7.093422928436454505e-04 -1.568572454238538125e-03 -1.383915430675340327e-03 1.333579820904941997e-03 9.286231451510871052e-03
-5.749615831743164814e-04 3.683663457929172119e-04 -6.466796594000183591e-05 7.905361665154292882e-06 3.449997648373892990e-06 -4.317229105033860769e-05 -8.860784667482912442e-07 -1.068361944576424983e-04 1.669024723771091038e-04 -6.199230334132585225e-06 2.207353746632465807e-01 -1.383205106403250298e-02 -2.327731320672259130e-01 1.614642989300006382e-01 3.281907234224360703e+00 4.817745496569006969e-01 2.957662786002558317e-02 -1.265881443882521940e-01 -6.514310537665927825e+00 -6.712501895912539318e-01 -1.216851902292793941e+00 -9.386593455215929138e-01 -2.243036119174475745e-03 -4.357526542257779065e-04 -1.002568364589572197e-03 -1.944454384740078746e-04 -2.373024051340167197e-04 -5.109848073241861528e-04
-8.649782095218628295e-04 -2.870512474565701817e-04 -2.054383916951285692e-04 5.895884769904569221e-06 -4.436427771132417974e-06 -4.156545575669961321e-06 -8.437331259743723391e-05 -3.718822406158398084e-05 -1.985953072308124648e-04 -5.562461462381150285e-05 6.406206662362192716e-01 1.060958429564781182e-03 1.499064688231908082e-01 -1.069175944789338834e-01 4.817745496569006969e-01 3.153996573799624947e+00 2.609112423049490204e+00 2.475265147558875167e+00 5.288946104217456146e+00 -1.606870845125660807e+00 -1.044468030366588973e+00 -1.569041580091914190e+00 -1.265346459106122352e-03 -8.693194971770587618e-04 -1.983658229742708053e-03 3.033382327733189052e-04 -2.288725633251139160e-03 -9.486581111947445244e-03
-6.283318704248627056e-04 -3.563975671158676637e-04 -9.505978040514099451e-05 -5.485921240881872507e-06 -1.066404421955497883e-05 2.640440809067970106e-05 -1.262301991086833331e-04 2.309969302118493702e-05 -8.632795023586861704e-06 4.378913953439834473e-04 -5.818771313341001061e+00 8.673658553960716944e-02 2.692715581832275884e+00 -2.011602106855073568e+00 2.957662786002558317e-02 2.609112423049490204e+00 1.078331319660791365e+01 1.935741033801731348e+01 -1.268074207045448887e+01 2.704113139592320358e+00 4.114881760521849507e+00 5.161167047729491308e+00 -1.174451576890203760e-03 -9.651676652346266724e-04 2.710526551382502584e-03 2.247319839978101136e-04 -6.902067006207553146e-03 -9.284682432206989647e-03
1.208543803876433159e-03 1.306640142624162235e-03 -3.165549351784682796e-04 5.461341281320119003e-06 1.482089721640330702e-05 -1.530726599434064283e-04 6.577606447896004196e-05 6.635703393668931395e-04 1.535968688969780067e-04 9.665893253433114393e-04 -3.322322451393861087e+01 9.733118473880078558e-02 3.510231978425226274e+00 -2.414504994507683300e+00 -1.265881443882521940e-01 2.475265147558875167e+00 1.935741033801731348e+01 5.384099560077979163e+01 -2.467571598385833909e+01 2.826171552380443153e+00 6.909614696817452995e+00 3.311721790129855947e+01 2.343513328534404410e-04 -2.230602181277803898e-03 3.001486846828910638e-03 -7.224543655729889595e-04 -9.340989914743738284e-03 -3.784899357899587993e-03
1.690228662535199228e-03 -2.532160828652929921e-02 7.623557244334430716e-03 -6.523551478127127508e-05 -3.670105853266740362e-04 2.202302997125484343e-03 -3.150719460373185496e-03 3.584189796969425561e-03 3.680145946775880469e-03 5.893140516221585497e-04 3.702337571592912724e+01 -6.728628549664887881e-01 -3.131394512646995665e+01 1.344745896681290809e+01 -6.514310537665927825e+00 5.288946104217456146e+00 -1.268074207045448887e+01 -2.467571598385833909e+01 7.891954135503074212e+02 7.263237916182595200e+01 -5.782614749745052762e+01 -6.216047693591806222e+01 4.817833759067380664e-03 -1.359384067716119457e-02 -1.285918379127915477e-02 -4.376487780753812382e-03 2.852472750008769667e-02 -2.379300852024609711e-02
3.448160621767943149e-03 -8.335752061351130865e-03 6.743072421988789526e-03 -5.437328143914973180e-05 -2.661767485014587516e-04 1.720569911955393064e-03 -1.394842742279264400e-03 1.243143934161290362e-03 8.218962357317975459e-05 2.124535287023620895e-04 3.332350958756539860e+00 8.782115289668379621e-01 -3.538391297280972569e+00 -5.100806913037911450e+00 -6.712501895912539318e-01 -1.606870845125660807e+00 2.704113139592320358e+00 2.826171552380443153e+00 7.263237916182596621e+01 6.225696464317166345e+01 3.993468518231755127e+01 1.439077777928306467e+01 1.809334170795939790e-03 2.281071072316846055e-03 -5.561766792505500620e-05 -2.592358883384301808e-03 1.897741457009397004e-02 1.907686385995222347e-02
9.090239738386548043e-03 2.685163246578864600e-04 4.724965573800388521e-03 -2.701564790958504417e-05 -9.272841365528751076e-05 8.621894415406251020e-04 1.541522255598792379e-03 1.213476049679165086e-03 2.937487387904797278e-04 -3.669130533657613156e-04 -1.189282349723007570e+01 1.649512220373035243e+00 7.912445075915980119e+00 -1.202036938139454136e+01 -1.216851902292793941e+00 -1.044468030366588973e+00 4.114881760521849507e+00 6.909614696817452995e+00 -5.782614749745052762e+01 3.993468518231755127e+01 8.633922692761011319e+01 5.307037011062654841e+01 2.849645914303022224e-03 2.728406852496827531e-03 1.011915393846786124e-02 -9.793166637521407911e-03 1.430453296630495100e-02 1.487167703319345127e-02
1.099882897291402928e-02 3.453482199240140785e-03 3.273426476002973869e-03 -1.276451240994081130e-05 -1.896650974986500710e-05 4.071822798923776859e-04 2.173915969251591536e-03 1.271018272022717997e-03 3.791326505096918095e-04 -1.246089261259878669e-03 -5.408447568835284613e+01 5.578052639445717498e-01 5.798046607860499968e+00 -9.598843381007705844e+00 -9.386593455215929138e-01 -1.569041580091914190e+00 5.161167047729491308e+00 3.311721790129855947e+01 -6.216047693591806222e+01 1.439077777928306467e+01 5.307037011062654841e+01 1.040435344294446338e+02 1.985827223413844241e-05 -2.464716030948309496e-03 -1.939661885939863431e-03 -8.785152109038123214e-03 1.120613512098494850e-02 4.421384948829986533e-02
5.140597074793301982e-06 -2.675184378087971680e-06 4.887421695317492963e-06 -9.782138350520043926e-08 2.336211307141072708e-09 4.429727860906056156e-08 1.410349815215593751e-07 1.456185027183224798e-06 3.358411813735244477e-07 -4.975979402464436808e-08 -9.959225772009257238e-04 9.922604564916271493e-05 7.093970684194862610e-05 7.871392859458713242e-04 -2.243036119174475745e-03 -1.265346459106122786e-03 -1.174451576890203760e-03 2.343513328534397363e-04 4.817833759067379797e-03 1.809334170795941742e-03 2.849645914303023091e-03 1.985827223413946902e-05 1.458736627335062343e-03 2.763903032289214117e-04 2.016076835925894247e-05 -3.839939510049188653e-04 -1.018617783652659510e-04 -1.470984719168831416e-05
-1.402153225752406600e-05 -4.475727560911446633e-06 -1.304998896371115433e-06 -5.134035003026800855e-08 -1.043142872945692061e-07 1.142450798738622788e-06 -6.362044914267281573e-06 -2.204815257340877206e-06 -2.874174787804547007e-07 1.374020580424070225e-07 1.457543200236997285e-03 8.258799248862733471e-05 1.509792489570054887e-04 7.093422928436454505e-04 -4.357526542257780149e-04 -8.693194971770584365e-04 -9.651676652346266724e-04 -2.230602181277803898e-03 -1.359384067716119804e-02 2.281071072316845187e-03 2.728406852496827531e-03 -2.464716030948309496e-03 2.763903032289214659e-04 8.783765819494833340e-04 5.117947830932647121e-05 7.348051965778911680e-04 6.263438326287054745e-05 -7.776650385374209509e-04
-1.262667683074061911e-05 -7.009168035827845893e-06 4.838370462578201546e-06 -1.290126776776446863e-07 -4.352141580969665709e-07 2.371615634554619434e-06 -1.077508946336065559e-05 1.525074715191600429e-06 2.309330134140900969e-07 5.478536851745648073e-07 7.742612394202104398e-03 -1.819601627218926003e-04 3.589702508408837336e-03 -1.568572454238538125e-03 -1.002568364589571763e-03 -1.983658229742707620e-03 2.710526551382502584e-03 3.001486846828913240e-03 -1.285918379127915477e-02 -5.561766792505807585e-05 1.011915393846786124e-02 -1.939661885939859744e-03 2.016076835925892892e-05 5.117947830932646444e-05 7.096046585506620569e-03 -3.045997299780888964e-04 7.328432944913156142e-04 4.931620382939560544e-03
-2.645161538365110548e-05 -8.465594824544113385e-06 2.752031661748651391e-06 -2.233949409841709864e-07 -4.164695789356314562e-07 3.389646769607313995e-06 -1.401502515752553329e-05 -2.821722882136987055e-06 -6.264306183210722295e-07 4.630001527473960106e-07 6.460967226422873258e-03 -4.962854233857275825e-04 1.341534098217443585e-04 -1.383915430675341195e-03 -1.944454384740076306e-04 3.033382327733189052e-04 2.247319839978095986e-04 -7.224543655729889595e-04 -4.376487780753813249e-03 -2.592358883384301808e-03 -9.793166637521406176e-03 -8.785152109038123214e-03 -3.839939510049189195e-04 7.348051965778911680e-04 -3.045997299780890048e-04 2.928828720852622025e-03 5.520653456635218068e-04 -1.031464224579104394e-03
2.458052192033992900e-05 -1.043762323088737756e-05 1.611529614424312819e-05 -5.560050977664541894e-07 -7.489051632477742140e-07 2.643950609501467109e-06 9.021503259043705213e-06 1.386802594173388164e-06 2.421527071741531045e-07 -2.097836031031097966e-06 -3.342851796332099203e-03 -1.012332746729912317e-04 -2.100723469078831420e-03 1.333579820904941997e-03 -2.373024051340168010e-04 -2.288725633251139160e-03 -6.902067006207554013e-03 -9.340989914743738284e-03 2.852472750008769667e-02 1.897741457009397004e-02 1.430453296630495620e-02 1.120613512098495544e-02 -1.018617783652659645e-04 6.263438326287054745e-05 7.328432944913156142e-04 5.520653456635219152e-04 6.284398760650107205e-03 7.274816885267603069e-03
1.024030079113969491e-04 -4.096405869115157811e-05 9.342792268571510292e-05 -2.838314110254164242e-06 -3.041202152061104076e-06 1.403393444462365301e-05 1.356350441030278584e-05 2.333301753364498511e-05 2.244294769543385853e-06 -5.689065152792316410e-06 -2.247138996679349729e-02 -1.500428429174077455e-04 -2.755656200952676365e-04 9.286231451510871052e-03 -5.109848073241861528e-04 -9.486581111947445244e-03 -9.284682432206989647e-03 -3.784899357899594065e-03 -2.379300852024610058e-02 1.907686385995222000e-02 1.487167703319344780e-02 4.421384948829985839e-02 -1.470984719168831416e-05 -7.776650385374208425e-04 4.931620382939560544e-03 -1.031464224579104394e-03 7.274816885267603069e-03 7.183141760420144739e-02
