# logA n_s Omega_k theta_s_1e2 omega_b omega_cdm tau_reio A_planck
2.246252130293085742e-04 -3.913335620621404878e-06 5.091509866896835732e-05 1.149888727259917708e-08 -1.646099928007300636e-07 2.015685061454092612e-06 9.935109331088189382e-05 1.022406908928368411e-05
-3.913335620621404878e-06 1.776777854772288730e-05 -1.219681112203672582e-05 3.095505690517122236e-07 2.832415084120092711e-07 -4.199457695599306033e-06 3.147029358300788266e-06 4.677365153164903558e-07
5.091509866896835732e-05 -1.219681112203672582e-05 4.337222156648251831e-05 -3.611065235625814651e-07 -4.262261466310893301e-07 5.162021517251727075e-06 1.794785876493684349e-05 1.701727617497648443e-06
1.149888727259917708e-08 3.095505690517122236e-07 -3.611065235625814651e-07 6.861564235115543708e-08 1.147383582863579635e-08 -9.948713255400277114e-08 1.099062325799273537e-07 -2.064521078869416315e-08
-1.646099928007300636e-07 2.832415084120092711e-07 -4.262261466310893301e-07 1.147383582863579635e-08 1.983330148945650260e-08 -1.157218993376901850e-07 6.233234830610626590e-09 7.210916708283516455e-09
2.015685061454092612e-06 -4.199457695599306033e-06 5.162021517251727075e-06 -9.948713255400277114e-08 -1.157218993376901850e-07 1.706240748058765741e-06 -6.992347793741324079e-07 -2.702394938164974926e-07
9.935109331088189382e-05 3.147029358300788266e-06 1.794785876493684349e-05 1.099062325799273537e-07 6.233234830610622454e-09 -6.992347793741323020e-07 4.963870690040565135e-05 1.206170993369170743e-06
1.022406908928368411e-05 4.677365153164903558e-07 1.701727617497648443e-06 -2.064521078869416315e-08 7.210916708283516455e-09 -2.702394938164974926e-07 1.206170993369170743e-06 4.456969109740863637e-06
