# logA n_s Omega_k theta_s_1e2 omega_b omega_cdm tau_reio A_planck calib_100T calib_217T galf_TE_A_100 galf_TE_A_100_143 galf_TE_A_100_217 galf_TE_A_143 galf_TE_A_143_217 galf_TE_A_217
3.743034050413942345e-04 3.217791355785179730e-05 4.956256338436455851e-06 -5.953331524811730767e-07 8.816749843739391656e-07 4.518500632985490420e-06 1.406478160673581496e-04 1.115133806891136668e-05 -6.212545392212321237e-07 1.295259352815922590e-07 6.003273979491791912e-06 -4.730132542892265037e-08 -2.675407091581228326e-05 -3.837170421542616884e-05 6.491897847177334957e-05 1.765322885905894375e-04
3.217791355785179730e-05 7.653052160473450315e-05 -7.099895331659773119e-06 4.847757121735637082e-07 1.099579466363706073e-06 -7.252273235373620732e-06 1.747088317775961422e-05 -1.898120547843550773e-06 -2.239044384102169893e-07 -6.682793609228475647e-08 -1.259508702936498075e-05 -2.479398484720010126e-06 5.014857706705155502e-07 -1.093448117073002230e-05 -1.799839749096837584e-05 -1.008940597475626238e-04
4.956256338436455851e-06 -7.099895331659773119e-06 4.581881889848859965e-06 -2.799833477199671141e-07 -1.866396902879966510e-07 2.966800187010117022e-06 -1.279026182509237749e-06 8.285031456387871846e-08 3.800180735133238519e-08 8.443548313415616834e-08 -2.594392096438153851e-06 2.159253112622153298e-06 -1.319065401189425960e-06 1.013243617545622572e-05 8.272756323866131714e-06 2.852183476931775049e-05
-5.953331524811730767e-07 4.847757121735637082e-07 -2.799833477199671141e-07 2.129185745888170366e-07 1.812755748265163183e-08 -1.990255165759037784e-07 -9.681140177600558635e-08 2.808943924655474592e-08 -5.905699862055960083e-09 -1.666020343295739713e-08 -6.370038962040581226e-07 -1.087315352249386351e-06 -3.253377247135499012e-07 -1.720989950781940038e-06 -8.573751042930123533e-07 -9.371204095314188538e-07
8.816749843739391656e-07 1.099579466363706073e-06 -1.866396902879966510e-07 1.812755748265163183e-08 5.073695056421465174e-08 -1.748144203940847863e-07 3.494601434190628767e-07 6.473694037392438036e-09 -2.310571068954498118e-09 -3.963634178674647692e-09 -1.899293535978192473e-07 -1.862494138523382107e-07 -2.297707289701244825e-07 -9.068308182904768506e-07 -1.113694199735115596e-06 -4.871709780114399200e-06
4.518500632985490420e-06 -7.252273235373620732e-06 2.966800187010117022e-06 -1.990255165759037784e-07 -1.748144203940847863e-07 3.294291415805790745e-06 -2.226706638441592520e-06 8.861051643926235594e-08 2.415688996121022597e-08 4.915891500547267958e-08 -4.093994581955230959e-07 1.961066632667482697e-07 -1.443232978919808102e-06 5.950718889578551307e-06 9.091997239460878445e-06 5.310098895724383195e-05
1.406478160673581496e-04 1.747088317775961422e-05 -1.279026182509237749e-06 -9.681140177600558635e-08 3.494601434190628767e-07 -2.226706638441592520e-06 7.024365914671180618e-05 -6.939881860607630400e-07 -3.989895494862202645e-07 1.248533752822087167e-07 7.137916917705150847e-06 -5.444699728956765228e-07 -1.996790478942704963e-06 -2.525477527017067829e-05 2.872913942517804814e-06 -1.896449410221369991e-05
1.115133806891136668e-05 -1.898120547843550773e-06 8.285031456387871846e-08 2.808943924655474592e-08 6.473694037392438036e-09 8.861051643926235594e-08 -6.939881860607630400e-07 6.183457939782235096e-06 6.370190967762804959e-08 -5.265600867778807596e-08 -1.474505856041263728e-06 6.540795388367677644e-07 -3.523844466490337826e-06 -1.553971871679480508e-06 1.075021932400440141e-05 -3.792443254961495357e-06
-6.212545392212321237e-07 -2.239044384102169893e-07 3.800180735133238519e-08 -5.905699862055960083e-09 -2.310571068954498118e-09 2.415688996121022597e-08 -3.989895494862202645e-07 6.370190967762804959e-08 4.918962825343662627e-07 1.972173326931003312e-08 6.859719509165294334e-07 -2.797353686611000780e-07 -1.386083324452998113e-06 -2.136746631125474459e-06 2.932631269252237009e-07 -1.374586487309005180e-06
1.295259352815922590e-07 -6.682793609228475647e-08 8.443548313415616834e-08 -1.666020343295739713e-08 -3.963634178674647692e-09 4.915891500547267958e-08 1.248533752822087167e-07 -5.265600867778807596e-08 1.972173326931003312e-08 4.237674908761237010e-07 -6.840336623380871268e-07 -6.101609279108520425e-07 4.695192159626388588e-07 -8.194244913545500455e-07 -1.198080188602757895e-06 2.062792544074153103e-06
6.003273979491792759e-06 -1.259508702936498075e-05 -2.594392096438153851e-06 -6.370038962040581226e-07 -1.899293535978192473e-07 -4.093994581955236253e-07 7.137916917705150847e-06 -1.474505856041264575e-06 6.859719509165294334e-07 -6.840336623380871268e-07 1.516705122154165825e-03 3.203664561547253631e-04 1.523330332926256211e-04 -2.889427500928525082e-04 -1.579693292753486236e-05 -6.741474605709448214e-04
-4.730132542892155849e-08 -2.479398484720009703e-06 2.159253112622152451e-06 -1.087315352249386351e-06 -1.862494138523382372e-07 1.961066632667482697e-07 -5.444699728956759934e-07 6.540795388367674467e-07 -2.797353686611001839e-07 -6.101609279108521484e-07 3.203664561547253631e-04 8.926558523009212563e-04 1.327700366718850020e-04 7.271976982458583328e-04 1.051117666538462457e-04 -4.425347184422430500e-04
-2.675407091581229681e-05 5.014857706705198912e-07 -1.319065401189425960e-06 -3.253377247135497954e-07 -2.297707289701245883e-07 -1.443232978919808526e-06 -1.996790478942702846e-06 -3.523844466490338673e-06 -1.386083324452998324e-06 4.695192159626388588e-07 1.523330332926256211e-04 1.327700366718850020e-04 7.301189207312945920e-03 -2.180224125027152885e-04 4.501795436080575897e-04 4.410548754731449458e-03
-3.837170421542616207e-05 -1.093448117073002230e-05 1.013243617545622572e-05 -1.720989950781940038e-06 -9.068308182904770624e-07 5.950718889578550460e-06 -2.525477527017068845e-05 -1.553971871679480085e-06 -2.136746631125474459e-06 -8.194244913545501514e-07 -2.889427500928525082e-04 7.271976982458583328e-04 -2.180224125027152885e-04 2.895443392889672767e-03 7.228851303175673265e-04 9.774916668192276591e-06
6.491897847177334957e-05 -1.799839749096837584e-05 8.272756323866131714e-06 -8.573751042930125651e-07 -1.113694199735115596e-06 9.091997239460878445e-06 2.872913942517802696e-06 1.075021932400440141e-05 2.932631269252237009e-07 -1.198080188602757895e-06 -1.579693292753486236e-05 1.051117666538462457e-04 4.501795436080575897e-04 7.228851303175673265e-04 6.651371947018570006e-03 8.460339258692467501e-03
1.765322885905894375e-04 -1.008940597475626238e-04 2.852183476931775049e-05 -9.371204095314188538e-07 -4.871709780114399200e-06 5.310098895724383195e-05 -1.896449410221370330e-05 -3.792443254961495357e-06 -1.374586487309005180e-06 2.062792544074153950e-06 -6.741474605709449298e-04 -4.425347184422430500e-04 4.410548754731449458e-03 9.774916668192347742e-06 8.460339258692469236e-03 7.314094936850024098e-02
