# logA n_s Omega_k theta_s_1e2 omega_b omega_cdm tau_reio A_planck calib_100T calib_217T A_cib_217 xi_sz_cib A_sz ksz_norm gal545_A_100 gal545_A_143 gal545_A_143_217 gal545_A_217 ps_A_100_100 ps_A_143_143 ps_A_143_217 ps_A_217_217 galf_TE_A_100 galf_TE_A_100_143 galf_TE_A_100_217 galf_TE_A_143 galf_TE_A_143_217 galf_TE_A_217
2.665872754813830808e-04 -3.912623629733339613e-06 5.479402942718809399e-05 1.901101902536185065e-08 1.594503868871315257e-08 1.547371730271818743e-06 1.173690468732724963e-04 1.285992962909981787e-05 2.348768870960966090e-07 3.715918777452938747e-08 -2.977382368567058264e-04 5.066307697280262239e-05 8.872326838305347651e-05 -1.873901143982028856e-03 1.649945767909323036e-04 -6.183998515487836890e-04 -1.392425598482844749e-03 -6.783930376242024542e-05 7.098610327807391464e-03 2.860968212916221737e-03 7.367282870346444391e-03 1.015113950429288349e-02 -4.898935276337448895e-06 -7.462270101760689340e-06 2.581782871801905374e-05 -9.207398689856223192e-06 2.410997020330200112e-05 2.653609199463890456e-05
-3.912623629733339613e-06 2.004400781188378605e-05 -1.425473399817018920e-05 4.217307466542727178e-07 3.816824848389997644e-07 -4.818700075706182039e-06 4.308000540375050025e-06 -1.395110193742849075e-07 -2.662934554544079212e-08 -1.275884059904864248e-07 -4.636278066171778747e-03 7.325234870183088801e-05 1.106235677748192104e-03 -2.079512380404695965e-03 3.163377704090823174e-04 -1.820518154986319975e-04 -2.880045439673401550e-04 9.863054397171917322e-04 -2.677634891366170722e-02 -9.383140844702660133e-03 -6.165720638823897395e-04 3.295634675369821676e-03 -1.037817661331794079e-06 -3.563182054547537291e-06 -1.607232955716896678e-05 -8.691576037588817635e-06 -4.796665314412080178e-06 -6.776899195898392634e-05
5.479402942718809399e-05 -1.425473399817018920e-05 4.160072465958255904e-05 -3.905143389824720669e-07 -4.298191391346846115e-07 5.178200482036480526e-06 1.856220435580702900e-05 2.580918233859924472e-06 6.722915846142518511e-08 4.587428704274283749e-08 2.302746246083906771e-03 -2.994926140215250837e-06 -8.608008503340418933e-04 3.822174269678728039e-04 1.521357369423657392e-04 -2.004723275723335578e-04 -4.248951851327564594e-04 -6.556293222009620036e-04 1.650150630414617958e-02 8.250340498458769156e-03 4.309889431846748373e-03 2.154164968380717273e-03 -2.209877674609512117e-06 -1.100470265053045003e-07 -2.597566191615626285e-06 4.612000417725598263e-06 8.327240307512206191e-06 6.051839814928264619e-05
1.901101902536185065e-08 4.217307466542727178e-07 -3.905143389824720669e-07 8.269460611320183781e-08 1.253187126766996802e-08 -1.286880940052986849e-07 1.380104512041326088e-07 -6.076782905455907827e-09 1.757696406380452619e-09 -3.915415453993593159e-09 -4.935183626176155547e-05 1.402810000277842053e-06 5.227588193653360965e-06 1.734050118673147319e-05 1.419654791580500127e-05 1.284407416927974807e-05 -1.265936058253069476e-06 4.714909315150038726e-06 -1.369236371247056717e-04 -1.162660121143508783e-04 -6.262067451637472768e-05 -4.442882397152071559e-05 4.627247985351089263e-08 -2.071923997946675819e-07 -9.371013544137092434e-07 -6.362297902156965225e-07 -2.102064354670898728e-07 -3.279913912304554716e-06
1.594503868871315257e-08 3.816824848389997644e-07 -4.298191391346846115e-07 1.253187126766996802e-08 2.479851312161327108e-08 -1.436856642185473969e-07 1.379364393407045004e-07 -3.743742419891159332e-09 6.449044599385249824e-09 -3.136012795714576052e-09 -9.545040389032376270e-05 1.865356260675495972e-06 2.651338422962267550e-05 -3.140262155250976654e-05 7.707691625745067464e-06 -2.735337337175396921e-06 -1.207944518530557034e-05 -2.085992708421133594e-06 -4.884914801305885760e-04 -3.035478944341068433e-04 -1.111974992464698615e-04 -2.455202567480664250e-05 5.438498653401930579e-09 -2.036480273196411872e-07 -4.456945640173856705e-07 -5.678964500701379640e-07 -7.964998839381131471e-07 -3.462580781173297172e-06
1.547371730271818743e-06 -4.818700075706182039e-06 5.178200482036480526e-06 -1.286880940052986849e-07 -1.436856642185473969e-07 1.944401889111159036e-06 -1.447036403258237999e-06 -5.612822874751758701e-09 -2.314769854911793322e-08 8.780872835937631154e-09 5.716802042563870609e-04 -6.444052252258472811e-06 -1.741564563432440539e-04 1.176231498565738547e-04 -8.517690516450378112e-06 -1.139142944383731078e-05 -2.875029572613922236e-05 -1.540742690781418775e-04 3.250909719541741037e-03 1.943769625089349128e-03 8.408509786449904324e-04 2.916871589589046338e-04 4.319901371117160354e-07 2.085623474404654545e-06 2.708022233658086392e-06 5.311178030971438579e-06 2.153749374067258206e-06 2.277755151798916468e-05
1.173690468732724963e-04 4.308000540375050025e-06 1.856220435580702900e-05 1.380104512041326088e-07 1.379364393407044739e-07 -1.447036403258237999e-06 5.980350520198768934e-05 6.559637695994279775e-07 9.852178821958493933e-08 4.500973231021602772e-08 -1.096277217508680657e-03 -3.012301116527537380e-06 2.839847180904505296e-04 -7.860777887567580845e-04 1.777043029554317287e-04 -7.829557914943683109e-05 -2.575046666939005322e-04 4.591129221482169763e-05 -8.749411024312561420e-04 -1.638273226201285120e-03 1.103279346610348908e-03 2.431406314869007275e-03 -5.725963533177268392e-06 -4.537589751959577539e-06 2.208881791041331663e-06 -8.736965287740389302e-06 7.598350930248707131e-06 -4.388643601304436054e-05
1.285992962909981787e-05 -1.395110193742849075e-07 2.580918233859924472e-06 -6.076782905455907827e-09 -3.743742419891159332e-09 -5.612822874751758701e-09 6.559637695994278716e-07 5.788957456627310708e-06 -2.798145130155318461e-08 -3.909672481240748511e-08 1.172212463803732349e-03 7.513651513124939405e-06 9.163257910756740081e-06 3.276262800709511417e-05 -5.814243042626597096e-06 3.627599211256956170e-05 -1.474136763692140474e-04 1.076560955195713385e-04 2.578401932540939998e-03 8.581489469316868008e-04 8.453012282365405779e-04 8.534030033361155376e-04 2.237441273010245355e-06 -1.570692553219497830e-06 7.246636828722376352e-06 -1.765326656687931770e-06 2.801974611566032242e-06 3.482951632831368335e-05
2.348768870960966090e-07 -2.662934554544079212e-08 6.722915846142517188e-08 1.757696406380452619e-09 6.449044599385249824e-09 -2.314769854911793322e-08 9.852178821958493933e-08 -2.798145130155318461e-08 3.825150674523907805e-07 -3.451918566671858085e-09 -2.551967426413909428e-04 6.768912345697706859e-07 9.159656246075761129e-05 -4.182883200027427868e-05 2.140240933139975026e-04 -1.560448162218453058e-04 3.920787850446763020e-05 2.166902175434808834e-04 3.864197883569862012e-03 -5.780530481206710660e-05 1.461512406921738915e-04 3.122153493774563462e-04 4.946658075118895967e-07 8.619790677799030421e-08 1.482325435168582714e-07 -1.013673952723958702e-07 2.244180160149817265e-08 1.750920971997276038e-06
3.715918777452938747e-08 -1.275884059904864248e-07 4.587428704274285734e-08 -3.915415453993593159e-09 -3.136012795714576052e-09 8.780872835937631154e-09 4.500973231021602772e-08 -3.909672481240748511e-08 -3.451918566671858085e-09 3.794239434838976425e-07 6.292266089965835047e-04 3.839532032700545041e-07 -6.102163030963661479e-05 4.709182606020154512e-05 4.717825690255666496e-06 -4.985465444623192851e-05 4.375468306217267017e-04 9.698381713428449622e-04 6.285687809885436147e-04 1.909149438828358864e-04 -4.370403716501383750e-04 -1.292821365778755796e-03 -5.373373736167336546e-07 -1.650720193171734196e-07 9.196797093107426563e-07 5.072441585875451217e-07 4.264954958736874106e-07 -1.119192939860371730e-06
-2.977382368567056637e-04 -4.636278066171778747e-03 2.302746246083906771e-03 -4.935183626176155547e-05 -9.545040389032376270e-05 5.716802042563870609e-04 -1.096277217508680657e-03 1.172212463803732349e-03 -2.551967426413909428e-04 6.292266089965835047e-04 4.501100713723204905e+01 -3.722446220993306798e-01 -8.633673626598983297e-01 -4.618211308388522895e-01 -1.451736911874084435e-01 5.099522272317578153e-01 -6.049154656829205834e+00 -3.432011334194272223e+01 3.707563280101727088e+01 2.222639757263443983e+00 -1.247535807576130118e+01 -5.458532853643234262e+01 6.889177420347357579e-05 3.154409573787455429e-03 1.371388466723523145e-02 1.982723817207238982e-03 1.217131038755470997e-02 3.491167573808272306e-02
5.066307697280260207e-05 7.325234870183088801e-05 -2.994926140215245331e-06 1.402810000277842476e-06 1.865356260675495972e-06 -6.444052252258471964e-06 -3.012301116527545850e-06 7.513651513124936864e-06 6.768912345697690977e-07 3.839532032700541335e-07 -3.722446220993307353e-01 7.654934930463190568e-02 -4.373261422918503505e-02 4.861197436400038763e-02 -3.044443692435637450e-02 1.285672951521869486e-02 1.029925585847144415e-01 1.423696097020741291e-01 -6.031105248474517566e-01 8.826096480811533862e-01 1.616200638901989395e+00 6.129945816368369549e-01 2.035222537992138032e-04 -2.293470365883362136e-05 -1.528603285983053415e-05 -2.212131449670895727e-04 -5.922054422600848901e-05 -5.951608191333606019e-04
8.872326838305349007e-05 1.106235677748192104e-03 -8.608008503340418933e-04 5.227588193653360965e-06 2.651338422962267550e-05 -1.741564563432440268e-04 2.839847180904505296e-04 9.163257910756740081e-06 9.159656246075761129e-05 -6.102163030963661479e-05 -8.633673626598984407e-01 -4.373261422918503505e-02 3.890695148213469956e+00 -2.653476734107983681e+00 -1.702682872478906151e-01 5.160319545202140396e-02 2.595737040620027525e+00 3.325545314238229189e+00 -3.089103122903034304e+01 -3.317840092727364354e+00 7.565169153562868232e+00 5.139483134295761424e+00 -9.479938176266324706e-04 9.170496922561658239e-05 5.092327568851581516e-04 2.843077449998932492e-03 2.957970131034524247e-03 9.544164015551687488e-03
-1.873901143982029290e-03 -2.079512380404695965e-03 3.822174269678729123e-04 1.734050118673147658e-05 -3.140262155250976654e-05 1.176231498565738547e-04 -7.860777887567580845e-04 3.276262800709510740e-05 -4.182883200027427191e-05 4.709182606020153835e-05 -4.618211308388522895e-01 4.861197436400039457e-02 -2.653476734107983681e+00 5.696295360911654448e+00 1.512326130187622020e-01 -8.928093362076996997e-02 -1.941053002165153973e+00 -1.956159557441387475e+00 1.287828372227460605e+01 -5.160072858855678568e+00 -1.158942291040430028e+01 -8.766479921709869672e+00 8.417447213859406306e-04 -1.642626862377653558e-03 -5.269123329076988438e-04 -5.921628986056278257e-03 -3.468419962686691577e-03 -2.554205324289076425e-03
1.649945767909322765e-04 3.163377704090823174e-04 1.521357369423656850e-04 1.419654791580500127e-05 7.707691625745067464e-06 -8.517690516450366253e-06 1.777043029554317558e-04 -5.814243042626581849e-06 2.140240933139975026e-04 4.717825690255667343e-06 -1.451736911874084712e-01 -3.044443692435638144e-02 -1.702682872478905873e-01 1.512326130187622297e-01 3.311017931063162667e+00 5.457374664471736914e-01 1.031381553454744499e-01 2.236144975443497829e-01 -5.659699654188445450e+00 -1.295732866286183560e+00 -1.656636242041366058e+00 -5.510525616606939403e-01 6.225461105168281911e-04 2.306570623456776631e-04 -2.487531467588227543e-03 -7.005366796321218234e-04 1.533795505025308372e-03 -5.411869683329541096e-03
-6.183998515487836890e-04 -1.820518154986319975e-04 -2.004723275723336120e-04 1.284407416927974807e-05 -2.735337337175396074e-06 -1.139142944383730909e-05 -7.829557914943683109e-05 3.627599211256956170e-05 -1.560448162218453058e-04 -4.985465444623192851e-05 5.099522272317578153e-01 1.285672951521869140e-02 5.160319545202137620e-02 -8.928093362077001161e-02 5.457374664471736914e-01 3.140618148458539594e+00 2.510137897907409155e+00 2.352150947936200165e+00 6.018265295267616999e+00 -1.606488547414364199e+00 -1.106700117600205591e+00 -1.389718155892222917e+00 -3.515941435248909255e-03 -1.472973842443954908e-03 -3.878001709472634131e-03 1.003845468327510841e-03 -2.229456784099661821e-03 -3.103083425144044939e-03
-1.392425598482844749e-03 -2.880045439673402092e-04 -4.248951851327564594e-04 -1.265936058253070958e-06 -1.207944518530557034e-05 -2.875029572613922236e-05 -2.575046666939005322e-04 -1.474136763692140474e-04 3.920787850446763698e-05 4.375468306217267017e-04 -6.049154656829205834e+00 1.029925585847144415e-01 2.595737040620027525e+00 -1.941053002165153751e+00 1.031381553454744221e-01 2.510137897907409155e+00 1.070092779933223781e+01 1.944581297084178928e+01 -1.097467671222394436e+01 3.077909612541402495e+00 4.272594896213742111e+00 5.361429099442054813e+00 -4.268034319640477692e-03 -1.675173677295680331e-03 -3.241297985579336214e-03 1.096002494381835817e-03 -4.332714360229826533e-03 -1.948705169288638458e-03
-6.783930376242024542e-05 9.863054397171917322e-04 -6.556293222009620036e-04 4.714909315150041267e-06 -2.085992708421136559e-06 -1.540742690781418775e-04 4.591129221482150789e-05 1.076560955195713385e-04 2.166902175434808834e-04 9.698381713428449622e-04 -3.432011334194272223e+01 1.423696097020741291e-01 3.325545314238229189e+00 -1.956159557441387475e+00 2.236144975443498384e-01 2.352150947936200165e+00 1.944581297084178928e+01 5.457137744487567232e+01 -2.331870557195216875e+01 3.905707778345006709e+00 7.517418227996926383e+00 3.389003539384876262e+01 -7.123369419141390921e-03 -4.417541883252767455e-03 -1.028782666771927735e-02 3.678249665836919643e-03 -1.960288683662394366e-02 -2.027880707766944318e-02
7.098610327807391464e-03 -2.677634891366170722e-02 1.650150630414617958e-02 -1.369236371247056175e-04 -4.884914801305885760e-04 3.250909719541740604e-03 -8.749411024312553830e-04 2.578401932540939998e-03 3.864197883569862012e-03 6.285687809885436147e-04 3.707563280101727088e+01 -6.031105248474517566e-01 -3.089103122903034304e+01 1.287828372227460605e+01 -5.659699654188446338e+00 6.018265295267616999e+00 -1.097467671222394436e+01 -2.331870557195216875e+01 7.723917783523987737e+02 7.130467153871623509e+01 -5.687159672110949771e+01 -6.145939832610594777e+01 -1.270103158319011577e-02 -6.557848944345695194e-03 2.317085624656961204e-02 -2.590216846348343625e-03 -5.297959336106772971e-02 -5.297400058614786661e-02
2.860968212916222171e-03 -9.383140844702660133e-03 8.250340498458769156e-03 -1.162660121143508783e-04 -3.035478944341068433e-04 1.943769625089349128e-03 -1.638273226201285120e-03 8.581489469316868008e-04 -5.780530481206710660e-05 1.909149438828358864e-04 2.222639757263443983e+00 8.826096480811533862e-01 -3.317840092727364354e+00 -5.160072858855677680e+00 -1.295732866286183782e+00 -1.606488547414364199e+00 3.077909612541402939e+00 3.905707778345006709e+00 7.130467153871623509e+01 6.294340995777186976e+01 4.137704514866952366e+01 1.654572095695983336e+01 5.742465213389456695e-03 5.072876355737060937e-03 2.126380620554865417e-02 3.654955139021471514e-03 1.329158308009666459e-02 1.470450472124930179e-02
7.367282870346444391e-03 -6.165720638823897395e-04 4.309889431846747505e-03 -6.262067451637470057e-05 -1.111974992464698615e-04 8.408509786449906492e-04 1.103279346610348908e-03 8.453012282365405779e-04 1.461512406921738915e-04 -4.370403716501383750e-04 -1.247535807576130118e+01 1.616200638901989839e+00 7.565169153562868232e+00 -1.158942291040430028e+01 -1.656636242041366058e+00 -1.106700117600205591e+00 4.272594896213742111e+00 7.517418227996926383e+00 -5.687159672110951192e+01 4.137704514866952366e+01 8.521307008032005115e+01 5.333026012453520082e+01 6.259565734719372936e-03 4.724568706661402308e-03 2.212680996172603290e-02 1.115299301931514837e-02 2.234718996426253435e-02 4.186924747778251327e-02
1.015113950429288349e-02 3.295634675369821676e-03 2.154164968380717273e-03 -4.442882397152071559e-05 -2.455202567480664250e-05 2.916871589589046338e-04 2.431406314869007275e-03 8.534030033361156460e-04 3.122153493774563462e-04 -1.292821365778755796e-03 -5.458532853643234262e+01 6.129945816368369549e-01 5.139483134295761424e+00 -8.766479921709869672e+00 -5.510525616606940513e-01 -1.389718155892222917e+00 5.361429099442054813e+00 3.389003539384876262e+01 -6.145939832610594777e+01 1.654572095695983336e+01 5.333026012453520082e+01 1.026549087627344505e+02 3.128645992521954158e-03 3.290784476057835562e-04 8.221727329341202168e-04 6.836434541077436935e-03 3.705799129410024002e-03 1.688911278345638436e-02
-4.898935276337448048e-06 -1.037817661331794079e-06 -2.209877674609512540e-06 4.627247985351084631e-08 5.438498653401959530e-09 4.319901371117162471e-07 -5.725963533177268392e-06 2.237441273010245355e-06 4.946658075118897026e-07 -5.373373736167336546e-07 6.889177420347242383e-05 2.035222537992138032e-04 -9.479938176266324706e-04 8.417447213859410643e-04 6.225461105168278659e-04 -3.515941435248909255e-03 -4.268034319640476824e-03 -7.123369419141390921e-03 -1.270103158319011750e-02 5.742465213389459297e-03 6.259565734719372936e-03 3.128645992521954158e-03 1.392946529150420904e-03 2.538676278469055017e-04 1.232867585377850047e-04 -3.755195526934825001e-04 -1.780730364453068427e-04 -1.878701955894842538e-04
-7.462270101760691034e-06 -3.563182054547536444e-06 -1.100470265053054400e-07 -2.071923997946675819e-07 -2.036480273196411872e-07 2.085623474404654545e-06 -4.537589751959578386e-06 -1.570692553219497618e-06 8.619790677799030421e-08 -1.650720193171734196e-07 3.154409573787455429e-03 -2.293470365883361120e-05 9.170496922561658239e-05 -1.642626862377653124e-03 2.306570623456776631e-04 -1.472973842443954908e-03 -1.675173677295680331e-03 -4.417541883252767455e-03 -6.557848944345696061e-03 5.072876355737061804e-03 4.724568706661402308e-03 3.290784476057827973e-04 2.538676278469055017e-04 8.282463063568223276e-04 3.164176731330231064e-05 6.864877361378524459e-04 -3.067922831647181675e-05 -8.352706621029863058e-04
2.581782871801905374e-05 -1.607232955716896678e-05 -2.597566191615625014e-06 -9.371013544137092434e-07 -4.456945640173855646e-07 2.708022233658085968e-06 2.208881791041332510e-06 7.246636828722376352e-06 1.482325435168583773e-07 9.196797093107426563e-07 1.371388466723522971e-02 -1.528603285983043590e-05 5.092327568851583684e-04 -5.269123329076979764e-04 -2.487531467588227543e-03 -3.878001709472634131e-03 -3.241297985579336214e-03 -1.028782666771927735e-02 2.317085624656960857e-02 2.126380620554865417e-02 2.212680996172603637e-02 8.221727329341232526e-04 1.232867585377850318e-04 3.164176731330231742e-05 7.294052180273204872e-03 -3.772903197996322114e-04 4.901997524788861407e-04 4.150456721423381387e-03
-9.207398689856221497e-06 -8.691576037588819329e-06 4.612000417725597416e-06 -6.362297902156965225e-07 -5.678964500701379640e-07 5.311178030971438579e-06 -8.736965287740389302e-06 -1.765326656687931770e-06 -1.013673952723958702e-07 5.072441585875451217e-07 1.982723817207237681e-03 -2.212131449670895727e-04 2.843077449998933359e-03 -5.921628986056278257e-03 -7.005366796321219319e-04 1.003845468327510841e-03 1.096002494381834950e-03 3.678249665836919643e-03 -2.590216846348349696e-03 3.654955139021471514e-03 1.115299301931514143e-02 6.836434541077436935e-03 -3.755195526934824459e-04 6.864877361378525543e-04 -3.772903197996321572e-04 2.795428078571742837e-03 5.235264305361556243e-04 -8.460061893815763430e-04
2.410997020330200112e-05 -4.796665314412080178e-06 8.327240307512202803e-06 -2.102064354670898728e-07 -7.964998839381131471e-07 2.153749374067258206e-06 7.598350930248707131e-06 2.801974611566031395e-06 2.244180160149808001e-08 4.264954958736875164e-07 1.217131038755471170e-02 -5.922054422600834671e-05 2.957970131034524247e-03 -3.468419962686691577e-03 1.533795505025307938e-03 -2.229456784099661821e-03 -4.332714360229826533e-03 -1.960288683662394366e-02 -5.297959336106774358e-02 1.329158308009666285e-02 2.234718996426253435e-02 3.705799129410023134e-03 -1.780730364453068698e-04 -3.067922831647182353e-05 4.901997524788861407e-04 5.235264305361556243e-04 6.387354295308881984e-03 7.863949851909118188e-03
2.653609199463889101e-05 -6.776899195898392634e-05 6.051839814928264619e-05 -3.279913912304554716e-06 -3.462580781173297172e-06 2.277755151798916468e-05 -4.388643601304436731e-05 3.482951632831368335e-05 1.750920971997276038e-06 -1.119192939860371730e-06 3.491167573808272306e-02 -5.951608191333606019e-04 9.544164015551690958e-03 -2.554205324289079461e-03 -5.411869683329541963e-03 -3.103083425144044939e-03 -1.948705169288636940e-03 -2.027880707766945012e-02 -5.297400058614787355e-02 1.470450472124930526e-02 4.186924747778252021e-02 1.688911278345638783e-02 -1.878701955894842809e-04 -8.352706621029861974e-04 4.150456721423382254e-03 -8.460061893815762346e-04 7.863949851909118188e-03 7.131995431430718235e-02
