# logA n_s Omega_k theta_s_1e2 omega_b omega_cdm tau_reio A_planck
1.850483960191739909e-04 -1.343334354685037108e-05 8.217265721500767461e-05 1.945485801072747266e-07 -5.619641547352356906e-09 6.068281099167660149e-06 7.553791684937370351e-05 7.789334193219992196e-06
-1.343334354685037108e-05 2.660911512166487853e-05 -4.642731804892214739e-05 6.816874264991828714e-07 6.336430919330906385e-07 -7.996006128767728184e-06 3.282474603593394231e-06 3.007842721448273172e-08
8.217265721500767461e-05 -4.642731804892214739e-05 4.293301096654757133e-04 -1.017937922137544546e-06 -1.855545377807955322e-06 1.621729330379845189e-05 2.293184721136167441e-05 2.146816048898757769e-07
1.945485801072747266e-07 6.816874264991828714e-07 -1.017937922137544546e-06 1.603760645728590232e-07 2.499527810824002994e-08 -2.348320765326700948e-07 3.233264543966534841e-07 -2.909836558705006909e-10
-5.619641547352356906e-09 6.336430919330906385e-07 -1.855545377807955322e-06 2.499527810824002994e-08 4.035484271858782786e-08 -2.210480100062451922e-07 1.973520372104472493e-07 1.789902225594898203e-08
6.068281099167660149e-06 -7.996006128767728184e-06 1.621729330379845189e-05 -2.348320765326700948e-07 -2.210480100062451922e-07 3.465564445374118354e-06 -1.276917221131797591e-06 2.265318286995457883e-07
7.553791684937370351e-05 3.282474603593394231e-06 2.293184721136167441e-05 3.233264543966534841e-07 1.973520372104472493e-07 -1.276917221131797591e-06 3.977327991703038466e-05 -8.748650045470401160e-07
7.789334193219992196e-06 3.007842721448273172e-08 2.146816048898751681e-07 -2.909836558705006909e-10 1.789902225594898203e-08 2.265318286995457883e-07 -8.748650045470401160e-07 4.680048349023588202e-06
