# logA n_s Omega_k theta_s_1e2 omega_b omega_cdm tau_reio A_planck
1.540050383623143291e-04 2.432007542661365239e-06 1.527038681396289082e-05 9.920267707267649684e-08 1.145607344281609047e-07 -3.885505804824997268e-07 7.035510345700922181e-05 6.853662726946758177e-06
2.432007542661365239e-06 1.589053138804203368e-05 -7.705362796312143595e-06 3.452758700522794881e-07 2.767590864075391735e-07 -3.850102582213589563e-06 6.151067197445643282e-06 -2.811291558866561513e-08
1.527038681396289082e-05 -7.705362796312143595e-06 1.532037787675733268e-05 -2.326456637184302370e-07 -2.290293866458289556e-07 2.943137437699068569e-06 3.647289600640111450e-06 8.005364674735275645e-07
9.920267707267649684e-08 3.452758700522794881e-07 -2.326456637184302370e-07 6.258055400663107001e-08 8.865659831557392534e-09 -1.004858052821849348e-07 1.432298172796528152e-07 1.224788467242893979e-09
1.145607344281609047e-07 2.767590864075391735e-07 -2.290293866458289291e-07 8.865659831557392534e-09 1.814900442626737579e-08 -1.043183281964996332e-07 1.367108644760855572e-07 8.689797175192314371e-09
-3.885505804824997268e-07 -3.850102582213589563e-06 2.943137437699068569e-06 -1.004858052821849348e-07 -1.043183281964996332e-07 1.541335419001620601e-06 -1.961053516940732258e-06 3.973111230466701550e-09
7.035510345700922181e-05 6.151067197445643282e-06 3.647289600640111450e-06 1.432298172796528152e-07 1.367108644760855572e-07 -1.961053516940732258e-06 3.878475644422987970e-05 -9.295677477343226784e-07
6.853662726946758177e-06 -2.811291558866561513e-08 8.005364674735275645e-07 1.224788467242893979e-09 8.689797175192314371e-09 3.973111230466701550e-09 -9.295677477343226784e-07 4.536256466822876767e-06
