# logA n_s Omega_k theta_s_1e2 omega_b omega_cdm tau_reio A_planck
1.983364750262152148e-04 -5.515259381164979452e-06 1.722685812595437977e-05 -7.213057502120264354e-08 -6.592902244332056188e-08 5.339834886956270360e-06 8.441409363687826198e-05 7.473328979523593701e-06
-5.515259381164979452e-06 2.709336216059887647e-05 -1.458456069452428885e-05 9.046773623051680092e-07 5.906325279242114630e-07 -7.625178816445324698e-06 6.051732032641885121e-06 4.440009171426230866e-07
1.722685812595437977e-05 -1.458456069452429054e-05 2.839996427822717953e-05 -7.134064460824371696e-07 -4.652228536510975562e-07 5.740693716595929622e-06 2.318187271818032427e-06 5.347344922814350748e-07
-7.213057502120264354e-08 9.046773623051680092e-07 -7.134064460824371696e-07 1.590941623816680040e-07 2.074915658920491217e-08 -2.737963435663895961e-07 1.715313655879277952e-07 5.224348512856125033e-09
-6.592902244332056188e-08 5.906325279242114630e-07 -4.652228536510975562e-07 2.074915658920491217e-08 3.773791304053141879e-08 -1.976189440118344793e-07 1.269194468404098673e-07 3.798952595012470076e-08
5.339834886956270360e-06 -7.625178816445324698e-06 5.740693716595929622e-06 -2.737963435663895961e-07 -1.976189440118344793e-07 3.228090608712366016e-06 -7.884711587552914811e-07 -1.555412092152999132e-07
8.441409363687826198e-05 6.051732032641885121e-06 2.318187271818032427e-06 1.715313655879277952e-07 1.269194468404098673e-07 -7.884711587552914811e-07 4.443091398275086527e-05 -1.150447072964694613e-06
7.473328979523593701e-06 4.440009171426230866e-07 5.347344922814350748e-07 5.224348512856125033e-09 3.798952595012470076e-08 -1.555412092152999132e-07 -1.150447072964694613e-06 5.130893440273327579e-06
